RACE_NHANES_AFA_AGE	SEX_NHANES_AFA_AGE	AGE_YEAR_NHANES_AFA_AGE	MEAN_NHANES_AFA_AGE	SD_NHANES_AFA_AGE	RACE_NHANES_AMA_AGE	SEX_NHANES_AMA_AGE	AGE_YEAR_NHANES_AMA_AGE	MEAN_NHANES_AMA_AGE	SD_NHANES_AMA_AGE	RACE_NHANES_BMI_AGE	SEX_NHANES_BMI_AGE	AGE_YEAR_NHANES_BMI_AGE	MEAN_NHANES_BMI_AGE	SD_NHANES_BMI_AGE	RACE_NHANES_HT_AGE	SEX_NHANES_HT_AGE	AGE_YEAR_NHANES_HT_AGE	MEAN_NHANES_HT_AGE	SD_NHANES_HT_AGE	RACE_NHANES_SSSF_AGE	SEX_NHANES_SSSF_AGE	AGE_YEAR_NHANES_SSSF_AGE	MEAN_NHANES_SSSF_AGE	SD_NHANES_SSSF_AGE	RACE_NHANES_TSF_AGE	SEX_NHANES_TSF_AGE	AGE_YEAR_NHANES_TSF_AGE	MEAN_NHANES_TSF_AGE	SD_NHANES_TSF_AGE	RACE_NHANES_UAA_AGE	SEX_NHANES_UAA_AGE	AGE_YEAR_NHANES_UAA_AGE	MEAN_NHANES_UAA_AGE	SD_NHANES_UAA_AGE	RACE_NHANES_UAC_AGE	SEX_NHANES_UAC_AGE	AGE_YEAR_NHANES_UAC_AGE	MEAN_NHANES_UAC_AGE	SD_NHANES_UAC_AGE	RACE_NHANES_WT_AGE	SEX_NHANES_WT_AGE	AGE_YEAR_NHANES_WT_AGE	MEAN_NHANES_WT_AGE	SD_NHANES_WT_AGE	RACE_NHANES_UC_AGE	SEX_NHANES_UC_AGE	AGE_YEAR_NHANES_UC_AGE	MEAN_NHANES_UC_AGE	SD_NHANES_UC_AGE	SEX_NHANES_UC_AGE2	AGE_MO_NHANES_UC_AGE	L_NHANES_UC	M_NHANES_UC	S_NHANES_UC	RACE_NHANES_WT_FOR_HT1	SEX_NHANES_WT_FOR_HT1	HEIGHT_NHANES_WT_FOR_HT1	MEAN_NHANES_WT_FOR_HT1	SD_NHANES_WT_FOR_HT1	RACE_NHANES_WT_FOR_HT2	SEX_NHANES_WT_FOR_HT2	HEIGHT_NHANES_WT_FOR_HT2	MEAN_NHANES_WT_FOR_HT2	SD_NHANES_WT_FOR_HT2	RACE_NHANES_WT_FOR_HT3	SEX_NHANES_WT_FOR_HT3	HEIGHT_NHANES_WT_FOR_HT3	MEAN_NHANES_WT_FOR_HT3	SD_NHANES_WT_FOR_HT3
2	1	1	7.6	2.2	2	1	1	13.1	2.3	2	1	1	17.3	2.6	2	1	1	82.5	5	2	1	1	6.3	1.9	2	1	1	10.5	2.8	2	1	1	20.7	3.2	2	1	1	16.1	1.2	2	1	1	11.8	1.7	1	1	2	47.4	2.9	1	60	-2.962692	52.31324	0.080035	1	1	84	12.3	1.2	1	1	150	41.2	4.9	1	1	156	64.1	12.3
2	1	2	7.5	2.3	2	1	2	14.1	3.5	2	1	2	16.2	1.3	2	1	2	91.7	4.2	2	1	2	5.8	2	2	1	2	10.1	2.8	2	1	2	21.7	4.4	2	1	2	16.4	1.5	2	1	2	13.6	1.7	1	1	3	49.1	3.2	1	61	-2.97212	52.47004	8.06E-02	1	1	85	12.3	1.2	1	1	151	41.2	4.9	1	1	157	64.1	12.3
2	1	3	7.8	2.4	2	1	3	15.2	3.2	2	1	3	16	1.3	2	1	3	99.1	4.5	2	1	3	5.5	1.8	2	1	3	10.1	2.7	2	1	3	22.9	4.3	2	1	3	16.9	1.5	2	1	3	15.7	2	1	1	4	50.3	3.6	1	62	-2.981387	52.62695	8.11E-02	1	1	86	12.3	1.2	1	1	152	41.2	4.9	1	1	158	64.1	12.3
2	1	4	7.6	2.5	2	1	4	16.3	2.7	2	1	4	15.8	1.4	2	1	4	105.7	4.8	2	1	4	5.3	2	2	1	4	9.6	2.7	2	1	4	23.8	3.9	2	1	4	17.3	1.4	2	1	4	17.7	2.4	1	1	19	78	12.6	1	63	-2.990492	52.78398	8.17E-02	1	1	87	12.8	1	1	1	153	43.7	5.5	1	1	159	64.2	14.2
2	1	5	7.6	3	2	1	5	17.6	3.9	2	1	5	15.6	1.5	2	1	5	112.3	5.1	2	1	5	5.2	2.3	2	1	5	9.3	3	2	1	5	25.3	5.7	2	1	5	17.7	1.8	2	1	5	19.8	2.9	1	1	20	87.1	15.7	1	64	-2.999436	52.94113	8.23E-02	1	1	88	12.8	1	1	1	154	43.7	5.5	1	1	160	64.2	14.2
2	1	6	8	4	2	1	6	19	3.8	2	1	6	15.8	1.8	2	1	6	119.1	5.4	2	1	6	5.6	3.3	2	1	6	9.3	3.6	2	1	6	27	6.7	2	1	6	18.3	2.1	2	1	6	22.5	3.7	1	1	21	87.1	15.7	1	65	-3.00822	53.09841	8.28E-02	1	1	89	12.8	1	1	1	155	43.7	5.5	1	1	161	64.2	14.2
2	1	7	8.6	4.1	2	1	7	20.8	4.2	2	1	7	16.1	1.8	2	1	7	125.2	5.6	2	1	7	5.9	3.4	2	1	7	9.6	4	2	1	7	29.4	6.4	2	1	7	19.1	2	2	1	7	25.3	4.2	1	1	22	87.1	15.7	1	66	-3.016844	53.25583	8.34E-02	1	1	90	13.5	1.3	1	1	156	47.5	8.9	1	1	162	67.3	10.9
2	1	8	9.3	5	2	1	8	22.1	4.4	2	1	8	16.4	2.2	2	1	8	129.5	6.2	2	1	8	6	3.9	2	1	8	9.9	4.3	2	1	8	31.3	8	2	1	8	19.7	2.3	2	1	8	27.6	5.3	1	1	23	87.1	15.7	1	67	-3.025309	53.4134	8.39E-02	1	1	91	13.5	1.3	1	1	157	47.5	8.9	1	1	163	67.3	10.9
2	1	9	11	6.5	2	1	9	24.4	5.1	2	1	9	17	2.5	2	1	9	135.9	5.8	2	1	9	7.1	5.1	2	1	9	11.1	5.3	2	1	9	35.4	9.9	2	1	9	20.9	2.8	2	1	9	31.7	6.5	1	1	24	87.1	15.7	1	68	-3.033613	53.57113	8.45E-02	1	1	92	13.5	1.3	1	1	158	47.5	8.9	1	1	164	67.3	10.9
2	1	10	12.5	7.2	2	1	10	26.6	6.1	2	1	10	17.7	2.8	2	1	10	140.9	6.7	2	1	10	7.7	5.4	2	1	10	12	5.7	2	1	10	39.1	11.3	2	1	10	22	3	2	1	10	35.5	7.7	1	1	25	87.1	15.7	1	69	-3.041757	53.72902	8.50E-02	1	1	93	14.3	1.2	1	1	159	47.9	5.6	1	1	165	70.6	13.6
2	1	11	14.5	9.7	2	1	11	28.6	6.7	2	1	11	18.6	3.8	2	1	11	146.1	7.3	2	1	11	9.3	8.1	2	1	11	13.2	7.1	2	1	11	43.1	14.1	2	1	11	23	3.5	2	1	11	40	10.2	1	1	26	87.1	15.7	1	70	-3.049741	53.88709	8.56E-02	1	1	94	14.3	1.2	1	1	160	47.9	5.6	1	1	166	70.6	13.6
2	1	12	14.5	9.1	2	1	12	31.7	7.1	2	1	12	19	3.4	2	1	12	152.4	7.8	2	1	12	9.1	7.1	2	1	12	12.8	6.7	2	1	12	46.3	13.4	2	1	12	23.9	3.3	2	1	12	44.5	10.1	1	1	27	87.1	15.7	1	71	-3.057562	54.04533	8.61E-02	1	1	95	14.3	1.2	1	1	161	47.9	5.6	1	1	167	70.6	13.6
2	1	13	14.1	9.7	2	1	13	36.5	8.2	2	1	13	19.8	3.7	2	1	13	159.3	8.6	2	1	13	9.3	7.6	2	1	13	11.9	7	2	1	13	50.6	13.8	2	1	13	25	3.3	2	1	13	50.7	12	1	1	28	87.1	15.7	1	72	-3.065221	54.20375	8.66E-02	1	1	96	15.1	1.6	1	1	162	55.9	8.3	1	1	168	71.6	12.2
2	1	14	14.3	10.9	2	1	14	42.2	9	2	1	14	20.4	3.5	2	1	14	167.4	8	2	1	14	9.4	6.9	2	1	14	11.1	6.9	2	1	14	56.5	16.5	2	1	14	26.4	3.5	2	1	14	57.6	12.3	1	1	29	87.1	15.7	1	73	-3.072717	54.36236	8.72E-02	1	1	97	15.1	1.6	1	1	163	55.9	8.3	1	1	169	71.6	12.2
2	1	15	12.9	8.8	2	1	15	46.3	9.4	2	1	15	20.7	3.1	2	1	15	170.9	7.5	2	1	15	9.2	6.5	2	1	15	10	6.5	2	1	15	59.8	14.8	2	1	15	27.2	3.2	2	1	15	60.7	11.3	1	1	30	90.3	15	1	74	-3.080048	54.52116	8.77E-02	1	1	98	15.1	1.6	1	1	164	55.9	8.3	1	1	170	71.6	12.2
2	1	16	14.5	9.8	2	1	16	51.9	10.1	2	1	16	21.9	3.4	2	1	16	174.7	7	2	1	16	10.2	6.5	2	1	16	10.4	6.1	2	1	16	66.4	15.9	2	1	16	28.7	3.3	2	1	16	67	12.3	1	1	31	90.3	15	1	75	-3.087213	54.68014	8.83E-02	1	1	99	15.9	1.2	1	1	165	56.8	8.1	1	1	171	74.6	14.9
2	1	17	13.3	8.6	2	1	17	54.9	10.6	2	1	17	21.9	3.4	2	1	17	175.8	6.7	2	1	17	10.1	5.7	2	1	17	9.3	5.2	2	1	17	68.4	16.5	2	1	17	29.1	3.3	2	1	17	68	11.9	1	1	32	90.3	15	1	76	-3.094211	54.83932	8.88E-02	1	1	100	15.9	1.2	1	1	166	56.8	8.1	1	1	172	74.6	14.9
2	1	18	17.3	10.5	2	1	18	50.5	11.4	2	1	18	23.7	3.7	2	1	18	176.9	7	2	1	18	13.5	7.5	2	1	18	11.6	6.3	2	1	18	77.9	17.3	2	1	18	31.1	3.4	2	1	18	74.3	13	1	1	33	90.3	15	1	77	-3.101042	54.99868	8.93E-02	1	1	101	15.9	1.2	1	1	167	56.8	8.1	1	1	173	74.6	14.9
2	1	19	17.3	10.5	2	1	19	50.5	11.4	2	1	19	23.7	3.7	2	1	19	176.9	7	2	1	19	13.5	7.5	2	1	19	11.6	6.3	2	1	19	77.9	17.3	2	1	19	31.1	3.4	2	1	19	74.3	13	1	1	34	90.3	15	1	78	-3.107705	55.15825	8.99E-02	1	1	102	16.7	1.5	1	1	168	62.6	13.2	1	1	174	77.9	15.2
2	1	20	17.3	10.5	2	1	20	50.5	11.4	2	1	20	23.7	3.7	2	1	20	176.9	7	2	1	20	13.5	7.5	2	1	20	11.6	6.3	2	1	20	77.9	17.3	2	1	20	31.1	3.4	2	1	20	74.3	13	1	1	35	90.3	15	1	79	-3.1142	55.318	0.0903936	1	1	103	16.7	1.5	1	1	169	62.6	13.2	1	1	175	77.9	15.2
2	1	21	17.3	10.5	2	1	21	50.5	11.4	2	1	21	23.7	3.7	2	1	21	176.9	7	2	1	21	13.5	7.5	2	1	21	11.6	6.3	2	1	21	77.9	17.3	2	1	21	31.1	3.4	2	1	21	74.3	13	1	1	36	90.3	15	1	80	-3.120525	55.47795	0.0909201	1	1	104	16.7	1.5	1	1	170	62.6	13.2	1	1	176	77.9	15.2
2	1	22	17.3	10.5	2	1	22	50.5	11.4	2	1	22	23.7	3.7	2	1	22	176.9	7	2	1	22	13.5	7.5	2	1	22	11.6	6.3	2	1	22	77.9	17.3	2	1	22	31.1	3.4	2	1	22	74.3	13	1	1	37	90.3	15	1	81	-3.126682	55.63809	9.14E-02	1	1	105	17.5	1.3	1	1	171	62.1	6.9	1	1	177	79.7	16
2	1	23	17.3	10.5	2	1	23	50.5	11.4	2	1	23	23.7	3.7	2	1	23	176.9	7	2	1	23	13.5	7.5	2	1	23	11.6	6.3	2	1	23	77.9	17.3	2	1	23	31.1	3.4	2	1	23	74.3	13	1	1	38	90.3	15	1	82	-3.132669	55.79844	9.20E-02	1	1	106	17.5	1.3	1	1	172	62.1	6.9	1	1	178	79.7	16
2	1	24	17.3	10.5	2	1	24	50.5	11.4	2	1	24	23.7	3.7	2	1	24	176.9	7	2	1	24	13.5	7.5	2	1	24	11.6	6.3	2	1	24	77.9	17.3	2	1	24	31.1	3.4	2	1	24	74.3	13	1	1	39	90.3	15	1	83	-3.138486	55.95897	9.25E-02	1	1	107	17.5	1.3	1	1	173	62.1	6.9	1	1	179	79.7	16
2	1	25	19.2	11.1	2	1	25	53.8	11.7	2	1	25	25	4.1	2	1	25	177	6.9	2	1	25	15.6	8	2	1	25	12.5	6.5	2	1	25	83.1	17.8	2	1	25	32.1	3.4	2	1	25	78.3	14	1	1	40	93.9	14.2	1	84	-3.144132	56.11971	9.30E-02	1	1	108	18.8	1.3	1	1	174	67.3	12	1	1	180	84.1	16.6
2	1	26	19.2	11.1	2	1	26	53.8	11.7	2	1	26	25	4.1	2	1	26	177	6.9	2	1	26	15.6	8	2	1	26	12.5	6.5	2	1	26	83.1	17.8	2	1	26	32.1	3.4	2	1	26	78.3	14	1	1	41	93.9	14.2	1	85	-3.149605	56.28064	9.35E-02	1	1	109	18.8	1.3	1	1	175	67.3	12	1	1	181	84.1	16.6
2	1	27	19.2	11.1	2	1	27	53.8	11.7	2	1	27	25	4.1	2	1	27	177	6.9	2	1	27	15.6	8	2	1	27	12.5	6.5	2	1	27	83.1	17.8	2	1	27	32.1	3.4	2	1	27	78.3	14	1	1	42	93.9	14.2	1	86	-3.154906	56.44176	9.40E-02	1	1	110	18.8	1.3	1	1	176	67.3	12	1	1	182	84.1	16.6
2	1	28	19.2	11.1	2	1	28	53.8	11.7	2	1	28	25	4.1	2	1	28	177	6.9	2	1	28	15.6	8	2	1	28	12.5	6.5	2	1	28	83.1	17.8	2	1	28	32.1	3.4	2	1	28	78.3	14	1	1	43	93.9	14.2	1	87	-3.160032	56.60307	9.45E-02	1	1	111	19.8	2	1	1	177	66.8	7.3	1	1	183	84	16
2	1	29	19.2	11.1	2	1	29	53.8	11.7	2	1	29	25	4.1	2	1	29	177	6.9	2	1	29	15.6	8	2	1	29	12.5	6.5	2	1	29	83.1	17.8	2	1	29	32.1	3.4	2	1	29	78.3	14	1	1	44	93.9	14.2	1	88	-3.164984	56.76458	9.50E-02	1	1	112	19.8	2	1	1	178	66.8	7.3	1	1	184	84	16
2	1	30	20.8	11	2	1	30	55.2	11.4	2	1	30	25.7	3.9	2	1	30	176.5	6.8	2	1	30	17.3	8.2	2	1	30	13.4	6.5	2	1	30	86.1	17.1	2	1	30	32.7	3.2	2	1	30	80.1	13.5	1	1	45	93.9	14.2	1	89	-3.169762	56.92628	9.55E-02	1	1	113	19.8	2	1	1	179	66.8	7.3	1	1	185	84	16
2	1	31	20.8	11	2	1	31	55.2	11.4	2	1	31	25.7	3.9	2	1	31	176.5	6.8	2	1	31	17.3	8.2	2	1	31	13.4	6.5	2	1	31	86.1	17.1	2	1	31	32.7	3.2	2	1	31	80.1	13.5	1	1	46	93.9	14.2	1	90	-3.174364	57.08816	9.60E-02	1	1	114	21.1	2.7	1	2	147	44.5	14.3	1	1	186	90.2	19.1
2	1	32	20.8	11	2	1	32	55.2	11.4	2	1	32	25.7	3.9	2	1	32	176.5	6.8	2	1	32	17.3	8.2	2	1	32	13.4	6.5	2	1	32	86.1	17.1	2	1	32	32.7	3.2	2	1	32	80.1	13.5	1	1	47	93.9	14.2	1	91	-3.178791	57.25023	9.65E-02	1	1	115	21.1	2.7	1	2	148	44.5	14.3	1	1	187	90.2	19.1
2	1	33	20.8	11	2	1	33	55.2	11.4	2	1	33	25.7	3.9	2	1	33	176.5	6.8	2	1	33	17.3	8.2	2	1	33	13.4	6.5	2	1	33	86.1	17.1	2	1	33	32.7	3.2	2	1	33	80.1	13.5	1	1	48	93.9	14.2	1	92	-3.183041	57.41249	9.70E-02	1	1	116	21.1	2.7	1	2	149	44.5	14.3	1	1	188	90.2	19.1
2	1	34	20.8	11	2	1	34	55.2	11.4	2	1	34	25.7	3.9	2	1	34	176.5	6.8	2	1	34	17.3	8.2	2	1	34	13.4	6.5	2	1	34	86.1	17.1	2	1	34	32.7	3.2	2	1	34	80.1	13.5	1	1	49	93.9	14.2	1	93	-3.187114	57.57492	9.75E-02	1	1	117	21.3	1.8	1	2	150	48.9	11.4	1	2	144	58.1	15.9
2	1	35	20.4	10	2	1	35	56.3	11.9	2	1	35	25.9	3.8	2	1	35	176.4	7.1	2	1	35	17.4	8	2	1	35	13.1	6	2	1	35	86.7	16.7	2	1	35	32.9	3.2	2	1	35	80.6	13	1	1	50	97.1	15.4	1	94	-3.191009	57.73753	9.80E-02	1	1	118	21.3	1.8	1	2	151	48.9	11.4	1	2	145	58.1	15.9
2	1	36	20.4	10	2	1	36	56.3	11.9	2	1	36	25.9	3.8	2	1	36	176.4	7.1	2	1	36	17.4	8	2	1	36	13.1	6	2	1	36	86.7	16.7	2	1	36	32.9	3.2	2	1	36	80.6	13	1	1	51	97.1	15.4	1	95	-3.194726	57.90031	9.85E-02	1	1	119	21.3	1.8	1	2	152	48.9	11.4	1	2	146	58.1	15.9
2	1	37	20.4	10	2	1	37	56.3	11.9	2	1	37	25.9	3.8	2	1	37	176.4	7.1	2	1	37	17.4	8	2	1	37	13.1	6	2	1	37	86.7	16.7	2	1	37	32.9	3.2	2	1	37	80.6	13	1	1	52	97.1	15.4	1	96	-3.198262	58.06327	9.90E-02	1	1	120	22.9	2.6	1	2	153	51	10.8	1	2	147	63.9	14.7
2	1	38	20.4	10	2	1	38	56.3	11.9	2	1	38	25.9	3.8	2	1	38	176.4	7.1	2	1	38	17.4	8	2	1	38	13.1	6	2	1	38	86.7	16.7	2	1	38	32.9	3.2	2	1	38	80.6	13	1	1	53	97.1	15.4	1	97	-3.20162	58.22639	0.0994295	1	1	121	22.9	2.6	1	2	154	51	10.8	1	2	148	63.9	14.7
2	1	39	20.4	10	2	1	39	56.3	11.9	2	1	39	25.9	3.8	2	1	39	176.4	7.1	2	1	39	17.4	8	2	1	39	13.1	6	2	1	39	86.7	16.7	2	1	39	32.9	3.2	2	1	39	80.6	13	1	1	54	97.1	15.4	1	98	-3.204799	58.38967	0.0998999	1	1	122	22.9	2.6	1	2	155	51	10.8	1	2	149	63.9	14.7
2	1	40	20.6	11	2	1	40	56.3	11.2	2	1	40	26.2	3.9	2	1	40	176.2	6.6	2	1	40	17.3	8	2	1	40	13.2	6.4	2	1	40	87	16.5	2	1	40	32.9	3.1	2	1	40	81.4	13.5	1	1	55	97.1	15.4	1	99	-3.207799	58.55312	0.1003665	1	1	123	25.5	3.1	1	2	156	52.8	12.8	1	2	150	65.4	13.6
2	1	41	20.6	11	2	1	41	56.3	11.2	2	1	41	26.2	3.9	2	1	41	176.2	6.6	2	1	41	17.3	8	2	1	41	13.2	6.4	2	1	41	87	16.5	2	1	41	32.9	3.1	2	1	41	81.4	13.5	1	1	56	97.1	15.4	1	100	-3.21062	58.71672	0.1008293	1	1	124	25.5	3.1	1	2	157	52.8	12.8	1	2	151	65.4	13.6
2	1	42	20.6	11	2	1	42	56.3	11.2	2	1	42	26.2	3.9	2	1	42	176.2	6.6	2	1	42	17.3	8	2	1	42	13.2	6.4	2	1	42	87	16.5	2	1	42	32.9	3.1	2	1	42	81.4	13.5	1	1	57	97.1	15.4	1	101	-3.213264	58.88047	0.1012882	1	1	125	25.5	3.1	1	2	158	52.8	12.8	1	2	152	65.4	13.6
2	1	43	20.6	11	2	1	43	56.3	11.2	2	1	43	26.2	3.9	2	1	43	176.2	6.6	2	1	43	17.3	8	2	1	43	13.2	6.4	2	1	43	87	16.5	2	1	43	32.9	3.1	2	1	43	81.4	13.5	1	1	58	97.1	15.4	1	102	-3.215731	59.04438	0.1017431	1	1	126	26	2.7	1	2	159	56	12.8	1	2	153	68.3	15.7
2	1	44	20.6	11	2	1	44	56.3	11.2	2	1	44	26.2	3.9	2	1	44	176.2	6.6	2	1	44	17.3	8	2	1	44	13.2	6.4	2	1	44	87	16.5	2	1	44	32.9	3.1	2	1	44	81.4	13.5	1	1	59	97.1	15.4	1	103	-3.218021	59.20843	0.102194	1	1	127	26	2.7	1	2	160	56	12.8	1	2	154	68.3	15.7
2	1	45	20.4	10.7	2	1	45	55.6	12	2	1	45	26.3	4.1	2	1	45	175.2	7	2	1	45	18.2	8.2	2	1	45	13.1	6.2	2	1	45	86.1	17.3	2	1	45	32.7	3.3	2	1	45	80.9	13.6	1	1	60	97.7	14	1	104	-3.220135	59.37262	0.1026409	1	1	128	26	2.7	1	2	161	56	12.8	1	2	155	68.3	15.7
2	1	46	20.4	10.7	2	1	46	55.6	12	2	1	46	26.3	4.1	2	1	46	175.2	7	2	1	46	18.2	8.2	2	1	46	13.1	6.2	2	1	46	86.1	17.3	2	1	46	32.7	3.3	2	1	46	80.9	13.6	1	1	61	97.7	14	1	105	-3.222075	59.53696	0.1030836	1	1	129	27	2.4	1	2	162	59.6	12.2	1	2	156	69.3	18.1
2	1	47	20.4	10.7	2	1	47	55.6	12	2	1	47	26.3	4.1	2	1	47	175.2	7	2	1	47	18.2	8.2	2	1	47	13.1	6.2	2	1	47	86.1	17.3	2	1	47	32.7	3.3	2	1	47	80.9	13.6	1	1	62	97.7	14	1	106	-3.22384	59.70143	0.1035222	1	1	130	27	2.4	1	2	163	59.6	12.2	1	2	157	69.3	18.1
2	1	48	20.4	10.7	2	1	48	55.6	12	2	1	48	26.3	4.1	2	1	48	175.2	7	2	1	48	18.2	8.2	2	1	48	13.1	6.2	2	1	48	86.1	17.3	2	1	48	32.7	3.3	2	1	48	80.9	13.6	1	1	63	97.7	14	1	107	-3.225433	59.86603	0.1039564	1	1	131	27	2.4	1	2	164	59.6	12.2	1	2	158	69.3	18.1
2	1	49	20.4	10.7	2	1	49	55.6	12	2	1	49	26.3	4.1	2	1	49	175.2	7	2	1	49	18.2	8.2	2	1	49	13.1	6.2	2	1	49	86.1	17.3	2	1	49	32.7	3.3	2	1	49	80.9	13.6	1	1	64	97.7	14	1	108	-3.226852	60.03076	0.1043865	1	1	132	28.8	3.6	1	2	165	59.7	11.2	1	2	159	69.5	17
2	1	50	19.6	10.1	2	1	50	54.3	11.6	2	1	50	26	4.1	2	1	50	174.8	6.5	2	1	50	17.7	8.1	2	1	50	12.8	6	2	1	50	84	16.7	2	1	50	32.3	3.2	2	1	50	79.6	13.6	1	1	65	97.7	14	1	109	-3.228098	60.19562	0.1048121	1	1	133	28.8	3.6	1	2	166	59.7	11.2	1	2	160	69.5	17
2	1	51	19.6	10.1	2	1	51	54.3	11.6	2	1	51	26	4.1	2	1	51	174.8	6.5	2	1	51	17.7	8.1	2	1	51	12.8	6	2	1	51	84	16.7	2	1	51	32.3	3.2	2	1	51	79.6	13.6	1	1	66	97.7	14	1	110	-3.229171	60.36059	0.1052334	1	1	134	28.8	3.6	1	2	167	59.7	11.2	1	2	161	69.5	17
2	1	52	19.6	10.1	2	1	52	54.3	11.6	2	1	52	26	4.1	2	1	52	174.8	6.5	2	1	52	17.7	8.1	2	1	52	12.8	6	2	1	52	84	16.7	2	1	52	32.3	3.2	2	1	52	79.6	13.6	1	1	67	97.7	14	1	111	-3.230072	60.52567	0.1056503	1	1	135	30.3	4	1	2	168	63.3	13.8	1	2	162	72.5	17.2
2	1	53	19.6	10.1	2	1	53	54.3	11.6	2	1	53	26	4.1	2	1	53	174.8	6.5	2	1	53	17.7	8.1	2	1	53	12.8	6	2	1	53	84	16.7	2	1	53	32.3	3.2	2	1	53	79.6	13.6	1	1	68	97.7	14	1	112	-3.230802	60.69086	0.1060627	1	1	136	30.3	4	1	2	169	63.3	13.8	1	2	163	72.5	17.2
2	1	54	19.6	10.1	2	1	54	54.3	11.6	2	1	54	26	4.1	2	1	54	174.8	6.5	2	1	54	17.7	8.1	2	1	54	12.8	6	2	1	54	84	16.7	2	1	54	32.3	3.2	2	1	54	79.6	13.6	1	1	69	97.7	14	1	113	-3.231359	60.85615	0.1064706	1	1	137	30.3	4	1	2	170	63.3	13.8	1	2	164	72.5	17.2
2	1	55	19.3	9.6	2	1	55	54.2	11.4	2	1	55	26.2	4.1	2	1	55	174	6.7	2	1	55	17.6	7.8	2	1	55	12.6	5.7	2	1	55	83.6	16.4	2	1	55	32.2	3.2	2	1	55	79.5	13.3	1	1	70	96.7	13.4	1	114	-3.231745	61.02154	0.106874	1	1	138	33.1	5.2	2	1	144	38.4	5.7	1	2	165	73.2	18.5
2	1	56	19.3	9.6	2	1	56	54.2	11.4	2	1	56	26.2	4.1	2	1	56	174	6.7	2	1	56	17.6	7.8	2	1	56	12.6	5.7	2	1	56	83.6	16.4	2	1	56	32.2	3.2	2	1	56	79.5	13.3	1	1	71	96.7	13.4	1	115	-3.231961	61.18702	0.1072727	1	1	139	33.1	5.2	2	1	145	38.4	5.7	1	2	166	73.2	18.5
2	1	57	19.3	9.6	2	1	57	54.2	11.4	2	1	57	26.2	4.1	2	1	57	174	6.7	2	1	57	17.6	7.8	2	1	57	12.6	5.7	2	1	57	83.6	16.4	2	1	57	32.2	3.2	2	1	57	79.5	13.3	1	1	72	96.7	13.4	1	116	-3.232006	61.35257	0.1076668	1	1	140	33.1	5.2	2	1	146	38.4	5.7	1	2	167	73.2	18.5
2	1	58	19.3	9.6	2	1	58	54.2	11.4	2	1	58	26.2	4.1	2	1	58	174	6.7	2	1	58	17.6	7.8	2	1	58	12.6	5.7	2	1	58	83.6	16.4	2	1	58	32.2	3.2	2	1	58	79.5	13.3	1	1	73	96.7	13.4	1	117	-3.231882	61.51822	0.1080562	1	1	141	34.7	4.4	2	1	147	41.4	7.6	1	2	168	76.5	18.8
2	1	59	19.3	9.6	2	1	59	54.2	11.4	2	1	59	26.2	4.1	2	1	59	174	6.7	2	1	59	17.6	7.8	2	1	59	12.6	5.7	2	1	59	83.6	16.4	2	1	59	32.2	3.2	2	1	59	79.5	13.3	1	1	74	96.7	13.4	1	118	-3.23159	61.68393	0.1084409	1	1	142	34.7	4.4	2	1	148	41.4	7.6	1	2	169	76.5	18.8
2	1	60	19.2	10	2	1	60	52.6	11.6	2	1	60	25.8	3.8	2	1	60	173	6.6	2	1	60	18.1	8.3	2	1	60	12.6	5.9	2	1	60	81.9	17.2	2	1	60	31.9	3.3	2	1	60	77.4	12.9	1	1	75	96.7	13.4	1	119	-3.231131	61.8497	0.1088208	1	1	143	34.7	4.4	2	1	149	41.4	7.6	1	2	170	76.5	18.8
2	1	61	19.2	10	2	1	61	52.6	11.6	2	1	61	25.8	3.8	2	1	61	173	6.6	2	1	61	18.1	8.3	2	1	61	12.6	5.9	2	1	61	81.9	17.2	2	1	61	31.9	3.3	2	1	61	77.4	12.9	1	1	76	96.7	13.4	1	120	-3.230508	62.01554	0.1091959	1	1	144	36.7	2.8	2	1	150	44	6.9	1	2	171	78	18.4
2	1	62	19.2	10	2	1	62	52.6	11.6	2	1	62	25.8	3.8	2	1	62	173	6.6	2	1	62	18.1	8.3	2	1	62	12.6	5.9	2	1	62	81.9	17.2	2	1	62	31.9	3.3	2	1	62	77.4	12.9	1	1	77	96.7	13.4	1	121	-3.229721	62.18144	0.1095662	1	1	145	36.7	2.8	2	1	151	44	6.9	1	2	172	78	18.4
2	1	63	19.2	10	2	1	63	52.6	11.6	2	1	63	25.8	3.8	2	1	63	173	6.6	2	1	63	18.1	8.3	2	1	63	12.6	5.9	2	1	63	81.9	17.2	2	1	63	31.9	3.3	2	1	63	77.4	12.9	1	1	78	96.7	13.4	1	122	-3.228774	62.34739	0.1099316	1	1	146	36.7	2.8	2	1	152	44	6.9	1	2	173	78	18.4
2	1	64	19.2	10	2	1	64	52.6	11.6	2	1	64	25.8	3.8	2	1	64	173	6.6	2	1	64	18.1	8.3	2	1	64	12.6	5.9	2	1	64	81.9	17.2	2	1	64	31.9	3.3	2	1	64	77.4	12.9	1	1	79	96.7	13.4	1	123	-3.227667	62.51338	0.1102922	1	1	147	41	7	2	1	153	46.3	8.1	1	2	174	80.7	22.4
2	1	65	18.4	9.5	2	1	65	49.3	11.1	2	1	65	25.6	3.9	2	1	65	171.8	6.8	2	1	65	16.9	8	2	1	65	12.4	5.8	2	1	65	77.7	16.5	2	1	65	31.1	3.3	2	1	65	75.6	12.7	1	1	80	94	11.8	1	124	-3.226404	62.67941	0.1106479	1	1	148	41	7	2	1	154	46.3	8.1	1	2	175	80.7	22.4
2	1	66	18.4	9.5	2	1	66	49.3	11.1	2	1	66	25.6	3.9	2	1	66	171.8	6.8	2	1	66	16.9	8	2	1	66	12.4	5.8	2	1	66	77.7	16.5	2	1	66	31.1	3.3	2	1	66	75.6	12.7	1	1	81	94	11.8	1	125	-3.224985	62.84546	0.1109987	1	1	149	41	7	2	1	155	46.3	8.1	1	2	176	80.7	22.4
2	1	67	18.4	9.5	2	1	67	49.3	11.1	2	1	67	25.6	3.9	2	1	67	171.8	6.8	2	1	67	16.9	8	2	1	67	12.4	5.8	2	1	67	77.7	16.5	2	1	67	31.1	3.3	2	1	67	75.6	12.7	1	1	82	94	11.8	1	126	-3.223413	63.01155	0.1113445	1	2	84	11.9	1	2	1	156	48.9	9.4	2	1	153	62.8	9.8
2	1	68	18.4	9.5	2	1	68	49.3	11.1	2	1	68	25.6	3.9	2	1	68	171.8	6.8	2	1	68	16.9	8	2	1	68	12.4	5.8	2	1	68	77.7	16.5	2	1	68	31.1	3.3	2	1	68	75.6	12.7	1	1	83	94	11.8	1	127	-3.22169	63.17765	0.1116854	1	2	85	11.9	1	2	1	157	48.9	9.4	2	1	154	62.8	9.8
2	1	69	18.4	9.5	2	1	69	49.3	11.1	2	1	69	25.6	3.9	2	1	69	171.8	6.8	2	1	69	16.9	8	2	1	69	12.4	5.8	2	1	69	77.7	16.5	2	1	69	31.1	3.3	2	1	69	75.6	12.7	1	1	84	94	11.8	1	128	-3.219817	63.34377	0.1120214	1	2	86	11.9	1	2	1	158	48.9	9.4	2	1	155	62.8	9.8
2	1	70	18.1	9.3	2	1	70	47.4	11.1	2	1	70	25.4	3.9	2	1	70	170.6	6.8	2	1	70	16.4	7.6	2	1	70	12.4	5.7	2	1	70	75.5	16.1	2	1	70	30.6	3.3	2	1	70	74.1	12.4	1	1	85	94	11.8	1	129	-3.217794	63.50989	0.1123523	1	2	87	12.6	1.8	2	1	159	51.9	9.9	2	1	156	66.9	11.1
2	1	71	18.1	9.3	2	1	71	47.4	11.1	2	1	71	25.4	3.9	2	1	71	170.6	6.8	2	1	71	16.4	7.6	2	1	71	12.4	5.7	2	1	71	75.5	16.1	2	1	71	30.6	3.3	2	1	71	74.1	12.4	1	1	86	94	11.8	1	130	-3.215622	63.67601	0.1126783	1	2	88	12.6	1.8	2	1	160	51.9	9.9	2	1	157	66.9	11.1
2	1	72	18.1	9.3	2	1	72	47.4	11.1	2	1	72	25.4	3.9	2	1	72	170.6	6.8	2	1	72	16.4	7.6	2	1	72	12.4	5.7	2	1	72	75.5	16.1	2	1	72	30.6	3.3	2	1	72	74.1	12.4	1	1	87	94	11.8	1	131	-3.213304	63.84213	0.1129993	1	2	89	12.6	1.8	2	1	161	51.9	9.9	2	1	158	66.9	11.1
2	1	73	18.1	9.3	2	1	73	47.4	11.1	2	1	73	25.4	3.9	2	1	73	170.6	6.8	2	1	73	16.4	7.6	2	1	73	12.4	5.7	2	1	73	75.5	16.1	2	1	73	30.6	3.3	2	1	73	74.1	12.4	1	1	88	94	11.8	1	132	-3.210838	64.00824	0.1133152	1	2	90	13.1	1.1	2	1	162	54.4	9	2	1	159	67.5	10
2	1	74	18.1	9.3	2	1	74	47.4	11.1	2	1	74	25.4	3.9	2	1	74	170.6	6.8	2	1	74	16.4	7.6	2	1	74	12.4	5.7	2	1	74	75.5	16.1	2	1	74	30.6	3.3	2	1	74	74.1	12.4	1	1	89	94	11.8	1	133	-3.208228	64.17433	0.1136261	1	2	91	13.1	1.1	2	1	163	54.4	9	2	1	160	67.5	10
2	2	1	7.4	2.4	2	2	1	12.4	2.2	2	2	1	16.8	1.6	2	2	1	80.5	4.9	2	2	1	6.4	2	2	2	1	10.5	3.1	2	2	1	19.8	3.2	2	2	1	15.7	1.3	2	2	1	10.9	1.4	1	1	90	94	11.8	1	134	-3.205473	64.3404	0.113932	1	2	92	13.1	1.1	2	1	164	54.4	9	2	1	161	67.5	10
2	2	2	7.8	2.4	2	2	2	13.3	2.2	2	2	2	16	1.4	2	2	2	90.2	4.4	2	2	2	6.3	2.1	2	2	2	10.7	2.9	2	2	2	21.1	3.4	2	2	2	16.2	1.3	2	2	2	13	1.6	1	2	2	46.5	3.7	1	135	-3.202576	64.50644	0.1142329	1	2	93	13.7	1.1	2	1	165	57.5	9.7	2	1	162	68.4	10.4
2	2	3	8	2.4	2	2	3	14.3	2.5	2	2	3	15.7	1.3	2	2	3	97.5	4.5	2	2	3	6.2	2.2	2	2	3	10.6	2.8	2	2	3	22.3	3.7	2	2	3	16.7	1.4	2	2	3	15	2	1	2	3	48.8	4.2	1	136	-3.199536	64.67244	0.1145287	1	2	94	13.7	1.1	2	1	166	57.5	9.7	2	1	163	68.4	10.4
2	2	4	8.1	2.4	2	2	4	15.3	2.9	2	2	4	15.5	1.3	2	2	4	104.5	4.8	2	2	4	6	2.1	2	2	4	10.5	2.9	2	2	4	23.4	3.8	2	2	4	17.1	1.4	2	2	4	16.9	2.2	1	2	4	50.5	4.3	1	137	-3.196354	64.8384	0.1148196	1	2	95	13.7	1.1	2	1	167	57.5	9.7	2	1	164	68.4	10.4
2	2	5	8.7	3.2	2	2	5	16.6	3	2	2	5	15.5	1.6	2	2	5	111.5	5.2	2	2	5	6.2	2.9	2	2	5	10.6	3.3	2	2	5	25.3	5.1	2	2	5	17.8	1.7	2	2	5	19.4	3	1	2	19	77.8	13.4	1	138	-3.193032	65.00432	0.1151054	1	2	96	14.7	1.4	2	1	168	61.2	9.8	2	1	165	71.1	11.2
2	2	6	9.1	3.7	2	2	6	17.6	3.3	2	2	6	15.5	1.7	2	2	6	117.8	5.7	2	2	6	6.4	3.2	2	2	6	10.8	3.6	2	2	6	26.7	5.8	2	2	6	18.2	1.9	2	2	6	21.7	3.6	1	2	20	84.6	16.6	1	139	-3.189571	65.17018	0.1153863	1	2	97	14.7	1.4	2	1	169	61.2	9.8	2	1	166	71.1	11.2
2	2	7	10	4.4	2	2	7	19.2	4.2	2	2	7	16	2	2	2	7	123.7	5.9	2	2	7	6.8	3.6	2	2	7	11.4	4	2	2	7	29.4	7.4	2	2	7	19.1	2.3	2	2	7	24.6	4.6	1	2	21	84.6	16.6	1	140	-3.185972	65.33599	0.1156622	1	2	98	14.7	1.4	2	1	170	61.2	9.8	2	1	167	71.1	11.2
2	2	8	11.7	6.8	2	2	8	21.1	5	2	2	8	16.6	2.9	2	2	8	129.6	5.8	2	2	8	8	6	2	2	8	12.5	5.5	2	2	8	32.9	9.7	2	2	8	20.1	2.7	2	2	8	28.2	6.5	1	2	22	84.6	16.6	1	141	-3.182238	65.50173	0.1159332	1	2	99	15.6	1.9	2	1	171	62.9	9.2	2	1	168	73.9	11.9
2	2	9	13.9	7.4	2	2	9	23	4.8	2	2	9	17.5	3.2	2	2	9	135.3	7.3	2	2	9	9.4	6.8	2	2	9	14.1	5.8	2	2	9	36.9	10.5	2	2	9	21.3	2.8	2	2	9	32.2	7.8	1	2	23	84.6	16.6	1	142	-3.17837	65.6674	0.1161993	1	2	100	15.6	1.9	2	1	172	62.9	9.2	2	1	169	73.9	11.9
2	2	10	14.2	7.4	2	2	10	23.9	5.3	2	2	10	17.6	2.9	2	2	10	140.9	7.1	2	2	10	9.8	6.4	2	2	10	14.2	5.9	2	2	10	38.1	10.8	2	2	10	21.7	3	2	2	10	35.1	7.7	1	2	24	84.6	16.6	1	143	-3.174368	65.833	0.1164606	1	2	101	15.6	1.9	2	1	173	62.9	9.2	2	1	170	73.9	11.9
2	2	11	16.6	9.2	2	2	11	27.3	6.7	2	2	11	18.8	3.5	2	2	11	148	8.2	2	2	11	10.7	7.4	2	2	11	15.4	6.6	2	2	11	43.9	13.9	2	2	11	23.2	3.5	2	2	11	41.6	10.4	1	2	25	84.6	16.6	1	144	-3.170232	65.99852	0.116717	1	2	102	16.2	1.9	2	1	174	66.4	9.9	2	1	171	76.4	12
2	2	12	16.8	8.3	2	2	12	29.5	5.8	2	2	12	19.4	3.3	2	2	12	154.6	7.2	2	2	12	10.9	6.9	2	2	12	15.2	5.9	2	2	12	46.4	12.4	2	2	12	23.9	3.1	2	2	12	46.8	9.9	1	2	26	84.6	16.6	1	145	-3.165963	66.16395	0.1169687	1	2	103	16.2	1.9	2	1	175	66.4	9.9	2	1	172	76.4	12
2	2	13	19.1	10.8	2	2	13	31.9	7.9	2	2	13	20.2	4.1	2	2	13	158.6	6.6	2	2	13	11.9	7.8	2	2	13	16.4	7.2	2	2	13	50.9	16.3	2	2	13	25	3.8	2	2	13	51.1	12	1	2	27	84.6	16.6	1	146	-3.161561	66.32929	0.1172156	1	2	104	16.2	1.9	2	1	176	66.4	9.9	2	1	173	76.4	12
2	2	14	20.9	10.5	2	2	14	33.7	7.4	2	2	14	21	3.7	2	2	14	161.2	6.2	2	2	14	13	7.7	2	2	14	17.5	7.1	2	2	14	54.6	14.9	2	2	14	26	3.4	2	2	14	54.8	10.5	1	2	28	84.6	16.6	1	147	-3.157026	66.49454	0.1174579	1	2	105	16.9	1.4	2	1	177	69.3	12.8	2	1	174	78.4	12.2
2	2	15	20.9	10.5	2	2	15	33.4	6.8	2	2	15	20.9	3.4	2	2	15	163.3	6.3	2	2	15	12.7	7	2	2	15	17.6	6.8	2	2	15	54.3	14.9	2	2	15	25.9	3.3	2	2	15	56	10.8	1	2	29	84.6	16.6	1	148	-3.15236	66.65968	0.1176954	1	2	106	16.9	1.4	2	1	178	69.3	12.8	2	1	175	78.4	12.2
2	2	16	23.5	10.5	2	2	16	34.3	7.6	2	2	16	21.8	3.8	2	2	16	162.2	6.4	2	2	16	14.2	8.5	2	2	16	19.4	6.9	2	2	16	57.7	15.2	2	2	16	26.7	3.3	2	2	16	57.5	11	1	2	30	91.4	19.5	1	149	-3.147564	66.82471	0.1179284	1	2	107	16.9	1.4	2	1	179	69.3	12.8	2	1	176	78.4	12.2
2	2	17	24.9	13.1	2	2	17	35.6	8.7	2	2	17	22.4	4.4	2	2	17	162.9	6.2	2	2	17	15.4	9.1	2	2	17	20	8.1	2	2	17	60.6	18.9	2	2	17	27.3	4	2	2	17	59.5	12.8	1	2	31	91.4	19.5	1	150	-3.142636	66.98963	0.1181569	1	2	108	18.5	1.8	2	1	180	71.8	9.4	2	1	177	80.4	12.3
2	2	18	25.3	13	2	2	18	29.3	8	2	2	18	22.6	4.4	2	2	18	163.3	6.4	2	2	18	15.7	9.1	2	2	18	20.2	8.1	2	2	18	61	18.3	2	2	18	27.4	3.8	2	2	18	60.4	12.2	1	2	32	91.4	19.5	1	151	-3.137579	67.15443	0.1183808	1	2	109	18.5	1.8	2	1	181	71.8	9.4	2	1	178	80.4	12.3
2	2	19	25.3	13	2	2	19	29.3	8	2	2	19	22.6	4.4	2	2	19	163.3	6.4	2	2	19	15.7	9.1	2	2	19	20.2	8.1	2	2	19	61	18.3	2	2	19	27.4	3.8	2	2	19	60.4	12.2	1	2	33	91.4	19.5	1	152	-3.132392	67.31911	0.1186004	1	2	110	18.5	1.8	2	1	182	71.8	9.4	2	1	179	80.4	12.3
2	2	20	25.3	13	2	2	20	29.3	8	2	2	20	22.6	4.4	2	2	20	163.3	6.4	2	2	20	15.7	9.1	2	2	20	20.2	8.1	2	2	20	61	18.3	2	2	20	27.4	3.8	2	2	20	60.4	12.2	1	2	34	91.4	19.5	1	153	-3.127075	67.48366	0.1188155	1	2	111	19.4	2.2	2	1	183	73.5	9.2	2	1	180	82.4	13.1
2	2	21	25.3	13	2	2	21	29.3	8	2	2	21	22.6	4.4	2	2	21	163.3	6.4	2	2	21	15.7	9.1	2	2	21	20.2	8.1	2	2	21	61	18.3	2	2	21	27.4	3.8	2	2	21	60.4	12.2	1	2	35	91.4	19.5	1	154	-3.121629	67.64807	0.1190263	1	2	112	19.4	2.2	2	1	184	73.5	9.2	2	1	181	82.4	13.1
2	2	22	25.3	13	2	2	22	29.3	8	2	2	22	22.6	4.4	2	2	22	163.3	6.4	2	2	22	15.7	9.1	2	2	22	20.2	8.1	2	2	22	61	18.3	2	2	22	27.4	3.8	2	2	22	60.4	12.2	1	2	36	91.4	19.5	1	155	-3.116054	67.81236	0.1192329	1	2	113	19.4	2.2	2	1	185	73.5	9.2	2	1	182	82.4	13.1
2	2	23	25.3	13	2	2	23	29.3	8	2	2	23	22.6	4.4	2	2	23	163.3	6.4	2	2	23	15.7	9.1	2	2	23	20.2	8.1	2	2	23	61	18.3	2	2	23	27.4	3.8	2	2	23	60.4	12.2	1	2	37	91.4	19.5	1	156	-3.110348	67.97649	0.1194353	1	2	114	20.5	2.3	2	1	186	80.9	17.2	2	1	183	85.4	13.6
2	2	24	25.3	13	2	2	24	29.3	8	2	2	24	22.6	4.4	2	2	24	163.3	6.4	2	2	24	15.7	9.1	2	2	24	20.2	8.1	2	2	24	61	18.3	2	2	24	27.4	3.8	2	2	24	60.4	12.2	1	2	38	91.4	19.5	1	157	-3.104515	68.14048	0.1196336	1	2	115	20.5	2.3	2	1	187	80.9	17.2	2	1	184	85.4	13.6
2	2	25	27.6	14.1	2	2	25	30.5	8.7	2	2	25	23.4	5	2	2	25	163	6.3	2	2	25	16.8	10.1	2	2	25	21.5	8.5	2	2	25	64.9	20.2	2	2	25	28.3	4.1	2	2	25	62.1	13.8	1	2	39	91.4	19.5	1	158	-3.098552	68.30432	0.1198278	1	2	116	20.5	2.3	2	1	188	80.9	17.2	2	1	185	85.4	13.6
2	2	26	27.6	14.1	2	2	26	30.5	8.7	2	2	26	23.4	5	2	2	26	163	6.3	2	2	26	16.8	10.1	2	2	26	21.5	8.5	2	2	26	64.9	20.2	2	2	26	28.3	4.1	2	2	26	62.1	13.8	1	2	40	96.7	20.2	1	159	-3.092461	68.468	0.120018	1	2	117	22.3	3.5	2	2	141	37	7.1	2	1	186	87.8	12.5
2	2	27	27.6	14.1	2	2	27	30.5	8.7	2	2	27	23.4	5	2	2	27	163	6.3	2	2	27	16.8	10.1	2	2	27	21.5	8.5	2	2	27	64.9	20.2	2	2	27	28.3	4.1	2	2	27	62.1	13.8	1	2	41	96.7	20.2	1	160	-3.086243	68.63152	0.1202044	1	2	118	22.3	3.5	2	2	142	37	7.1	2	1	187	87.8	12.5
2	2	28	27.6	14.1	2	2	28	30.5	8.7	2	2	28	23.4	5	2	2	28	163	6.3	2	2	28	16.8	10.1	2	2	28	21.5	8.5	2	2	28	64.9	20.2	2	2	28	28.3	4.1	2	2	28	62.1	13.8	1	2	42	96.7	20.2	1	161	-3.079898	68.79488	0.1203869	1	2	119	22.3	3.5	2	2	143	37	7.1	2	1	188	87.8	12.5
2	2	29	27.6	14.1	2	2	29	30.5	8.7	2	2	29	23.4	5	2	2	29	163	6.3	2	2	29	16.8	10.1	2	2	29	21.5	8.5	2	2	29	64.9	20.2	2	2	29	28.3	4.1	2	2	29	62.1	13.8	1	2	43	96.7	20.2	1	162	-3.073427	68.95806	0.1205657	1	2	120	22.7	2.3	2	2	144	39	6.8	2	1	189	91.6	15.3
2	2	30	30.9	15.4	2	2	30	32.1	10.1	2	2	30	24.4	5.5	2	2	30	162.7	6.2	2	2	30	18.6	11.1	2	2	30	23.5	8.8	2	2	30	70	23.2	2	2	30	29.3	4.5	2	2	30	64.5	15.2	1	2	44	96.7	20.2	1	163	-3.066831	69.12107	0.1207408	1	2	121	22.7	2.3	2	2	145	39	6.8	2	1	190	91.6	15.3
2	2	31	30.9	15.4	2	2	31	32.1	10.1	2	2	31	24.4	5.5	2	2	31	162.7	6.2	2	2	31	18.6	11.1	2	2	31	23.5	8.8	2	2	31	70	23.2	2	2	31	29.3	4.5	2	2	31	64.5	15.2	1	2	45	96.7	20.2	1	164	-3.060111	69.28391	0.1209123	1	2	122	22.7	2.3	2	2	146	39	6.8	2	1	191	91.6	15.3
2	2	32	30.9	15.4	2	2	32	32.1	10.1	2	2	32	24.4	5.5	2	2	32	162.7	6.2	2	2	32	18.6	11.1	2	2	32	23.5	8.8	2	2	32	70	23.2	2	2	32	29.3	4.5	2	2	32	64.5	15.2	1	2	46	96.7	20.2	1	165	-3.053268	69.44656	0.1210803	1	2	123	24.8	2.7	2	2	147	43.1	8.4	2	1	192	96.3	16
2	2	33	30.9	15.4	2	2	33	32.1	10.1	2	2	33	24.4	5.5	2	2	33	162.7	6.2	2	2	33	18.6	11.1	2	2	33	23.5	8.8	2	2	33	70	23.2	2	2	33	29.3	4.5	2	2	33	64.5	15.2	1	2	47	96.7	20.2	1	166	-3.046303	69.60904	0.1212449	1	2	124	24.8	2.7	2	2	148	43.1	8.4	2	1	193	96.3	16
2	2	34	30.9	15.4	2	2	34	32.1	10.1	2	2	34	24.4	5.5	2	2	34	162.7	6.2	2	2	34	18.6	11.1	2	2	34	23.5	8.8	2	2	34	70	23.2	2	2	34	29.3	4.5	2	2	34	64.5	15.2	1	2	48	96.7	20.2	1	167	-3.039216	69.77132	0.1214061	1	2	125	24.8	2.7	2	2	149	43.1	8.4	2	1	194	96.3	16
2	2	35	32.5	16	2	2	35	33	10.6	2	2	35	24.7	5.4	2	2	35	162.9	6.4	2	2	35	19.5	11.2	2	2	35	24.3	9	2	2	35	72.2	23.5	2	2	35	29.8	4.5	2	2	35	65.5	14.6	1	2	49	96.7	20.2	1	168	-3.03201	69.93342	0.121564	1	2	126	25.3	2.9	2	2	150	45	8.2	2	2	141	55.6	10.4
2	2	36	32.5	16	2	2	36	33	10.6	2	2	36	24.7	5.4	2	2	36	162.9	6.4	2	2	36	19.5	11.2	2	2	36	24.3	9	2	2	36	72.2	23.5	2	2	36	29.8	4.5	2	2	36	65.5	14.6	1	2	50	99.3	18	1	169	-3.024684	70.09531	0.1217187	1	2	127	25.3	2.9	2	2	151	45	8.2	2	2	142	55.6	10.4
2	2	37	32.5	16	2	2	37	33	10.6	2	2	37	24.7	5.4	2	2	37	162.9	6.4	2	2	37	19.5	11.2	2	2	37	24.3	9	2	2	37	72.2	23.5	2	2	37	29.8	4.5	2	2	37	65.5	14.6	1	2	51	99.3	18	1	170	-3.017242	70.25702	0.1218702	1	2	128	25.3	2.9	2	2	152	45	8.2	2	2	143	55.6	10.4
2	2	38	32.5	16	2	2	38	33	10.6	2	2	38	24.7	5.4	2	2	38	162.9	6.4	2	2	38	19.5	11.2	2	2	38	24.3	9	2	2	38	72.2	23.5	2	2	38	29.8	4.5	2	2	38	65.5	14.6	1	2	52	99.3	18	1	171	-3.009686	70.41852	0.1220187	1	2	129	27	3.2	2	2	153	48.3	8.2	2	2	144	57.3	14.2
2	2	39	32.5	16	2	2	39	33	10.6	2	2	39	24.7	5.4	2	2	39	162.9	6.4	2	2	39	19.5	11.2	2	2	39	24.3	9	2	2	39	72.2	23.5	2	2	39	29.8	4.5	2	2	39	65.5	14.6	1	2	53	99.3	18	1	172	-3.002017	70.57982	0.1221642	1	2	130	27	3.2	2	2	154	48.3	8.2	2	2	145	57.3	14.2
2	2	40	33.3	15.4	2	2	40	33.9	11.7	2	2	40	25.1	5.7	2	2	40	162.6	6.3	2	2	40	19.6	10.7	2	2	40	24.7	8.7	2	2	40	73.8	23.5	2	2	40	30.1	4.5	2	2	40	66.4	15.1	1	2	54	99.3	18	1	173	-2.994237	70.74091	0.1223068	1	2	131	27	3.2	2	2	155	48.3	8.2	2	2	146	57.3	14.2
2	2	41	33.3	15.4	2	2	41	33.9	11.7	2	2	41	25.1	5.7	2	2	41	162.6	6.3	2	2	41	19.6	10.7	2	2	41	24.7	8.7	2	2	41	73.8	23.5	2	2	41	30.1	4.5	2	2	41	66.4	15.1	1	2	55	99.3	18	1	174	-2.986348	70.9018	0.1224465	1	2	132	29	3.6	2	2	156	52.2	9.7	2	2	147	59.1	12.8
2	2	42	33.3	15.4	2	2	42	33.9	11.7	2	2	42	25.1	5.7	2	2	42	162.6	6.3	2	2	42	19.6	10.7	2	2	42	24.7	8.7	2	2	42	73.8	23.5	2	2	42	30.1	4.5	2	2	42	66.4	15.1	1	2	56	99.3	18	1	175	-2.978353	71.06248	0.1225835	1	2	133	29	3.6	2	2	157	52.2	9.7	2	2	148	59.1	12.8
2	2	43	33.3	15.4	2	2	43	33.9	11.7	2	2	43	25.1	5.7	2	2	43	162.6	6.3	2	2	43	19.6	10.7	2	2	43	24.7	8.7	2	2	43	73.8	23.5	2	2	43	30.1	4.5	2	2	43	66.4	15.1	1	2	57	99.3	18	1	176	-2.970252	71.22295	0.1227179	1	2	134	29	3.6	2	2	158	52.2	9.7	2	2	149	59.1	12.8
2	2	44	33.3	15.4	2	2	44	33.9	11.7	2	2	44	25.1	5.7	2	2	44	162.6	6.3	2	2	44	19.6	10.7	2	2	44	24.7	8.7	2	2	44	73.8	23.5	2	2	44	30.1	4.5	2	2	44	66.4	15.1	1	2	58	99.3	18	1	177	-2.962048	71.3832	0.1228496	1	2	135	32.9	6.5	2	2	159	54.8	10.4	2	2	150	60.7	13.1
2	2	45	35.4	15.9	2	2	45	34	10.8	2	2	45	25.6	5.7	2	2	45	162.2	6.1	2	2	45	20.9	10.8	2	2	45	25.9	8.9	2	2	45	76.2	24.1	2	2	45	30.6	4.7	2	2	45	67.3	15.2	1	2	59	99.3	18	1	178	-2.953742	71.54324	0.1229788	1	2	136	32.9	6.5	2	2	160	54.8	10.4	2	2	151	60.7	13.1
2	2	46	35.4	15.9	2	2	46	34	10.8	2	2	46	25.6	5.7	2	2	46	162.2	6.1	2	2	46	20.9	10.8	2	2	46	25.9	8.9	2	2	46	76.2	24.1	2	2	46	30.6	4.7	2	2	46	67.3	15.2	1	2	60	100.6	17.6	1	179	-2.945336	71.70305	0.1231055	1	2	137	32.9	6.5	2	2	161	54.8	10.4	2	2	152	60.7	13.1
2	2	47	35.4	15.9	2	2	47	34	10.8	2	2	47	25.6	5.7	2	2	47	162.2	6.1	2	2	47	20.9	10.8	2	2	47	25.9	8.9	2	2	47	76.2	24.1	2	2	47	30.6	4.7	2	2	47	67.3	15.2	1	2	61	100.6	17.6	1	180	-2.93683	71.86264	0.1232299	1	2	138	32.5	3.4	2	2	162	55.9	9.2	2	2	153	62.3	13.3
2	2	48	35.4	15.9	2	2	48	34	10.8	2	2	48	25.6	5.7	2	2	48	162.2	6.1	2	2	48	20.9	10.8	2	2	48	25.9	8.9	2	2	48	76.2	24.1	2	2	48	30.6	4.7	2	2	48	67.3	15.2	1	2	62	100.6	17.6	1	181	-2.928226	72.02201	0.123352	1	2	139	32.5	3.4	2	2	163	55.9	9.2	2	2	154	62.3	13.3
2	2	49	35.4	15.9	2	2	49	34	10.8	2	2	49	25.6	5.7	2	2	49	162.2	6.1	2	2	49	20.9	10.8	2	2	49	25.9	8.9	2	2	49	76.2	24.1	2	2	49	30.6	4.7	2	2	49	67.3	15.2	1	2	63	100.6	17.6	1	182	-2.919525	72.18115	0.1234718	1	2	140	32.5	3.4	2	2	164	55.9	9.2	2	2	155	62.3	13.3
2	2	50	35.7	15	2	2	50	34.7	10.4	2	2	50	25.8	5.1	2	2	50	161.1	5.9	2	2	50	21.8	10.8	2	2	50	26.1	8.6	2	2	50	77.1	22.2	2	2	50	30.8	4.3	2	2	50	67.1	13.7	1	2	64	100.6	17.6	1	183	-2.910729	72.34007	0.1235894	1	2	141	35.5	6	2	2	165	59.8	12.5	2	2	156	62.8	13.6
2	2	51	35.7	15	2	2	51	34.7	10.4	2	2	51	25.8	5.1	2	2	51	161.1	5.9	2	2	51	21.8	10.8	2	2	51	26.1	8.6	2	2	51	77.1	22.2	2	2	51	30.8	4.3	2	2	51	67.1	13.7	1	2	65	100.6	17.6	1	184	-2.901839	72.49877	0.123705	1	2	142	35.5	6	2	2	166	59.8	12.5	2	2	157	62.8	13.6
2	2	52	35.7	15	2	2	52	34.7	10.4	2	2	52	25.8	5.1	2	2	52	161.1	5.9	2	2	52	21.8	10.8	2	2	52	26.1	8.6	2	2	52	77.1	22.2	2	2	52	30.8	4.3	2	2	52	67.1	13.7	1	2	66	100.6	17.6	1	185	-2.892857	72.65723	0.1238185	1	2	143	35.5	6	2	2	167	59.8	12.5	2	2	158	62.8	13.6
2	2	53	35.7	15	2	2	53	34.7	10.4	2	2	53	25.8	5.1	2	2	53	161.1	5.9	2	2	53	21.8	10.8	2	2	53	26.1	8.6	2	2	53	77.1	22.2	2	2	53	30.8	4.3	2	2	53	67.1	13.7	1	2	67	100.6	17.6	1	186	-2.883785	72.81547	0.12393	1	2	144	38.7	7.9	2	2	168	60.8	10	2	2	159	64.7	13.9
2	2	54	35.7	15	2	2	54	34.7	10.4	2	2	54	25.8	5.1	2	2	54	161.1	5.9	2	2	54	21.8	10.8	2	2	54	26.1	8.6	2	2	54	77.1	22.2	2	2	54	30.8	4.3	2	2	54	67.1	13.7	1	2	68	100.6	17.6	1	187	-2.874626	72.97347	0.1240396	1	2	145	38.7	7.9	2	2	169	60.8	10	2	2	160	64.7	13.9
2	2	55	36.5	16	2	2	55	36	11.9	2	2	55	26.3	5.5	2	2	55	160.2	6	2	2	55	22.2	11.2	2	2	55	26.3	8.8	2	2	55	79.2	24.4	2	2	55	31.2	4.6	2	2	55	67.7	14.6	1	2	69	100.6	17.6	1	188	-2.86538	73.13125	0.1241473	1	2	146	38.7	7.9	2	2	170	60.8	10	2	2	161	64.7	13.9
2	2	56	36.5	16	2	2	56	36	11.9	2	2	56	26.3	5.5	2	2	56	160.2	6	2	2	56	22.2	11.2	2	2	56	26.3	8.8	2	2	56	79.2	24.4	2	2	56	31.2	4.6	2	2	56	67.7	14.6	1	2	70	97.9	15.9	1	189	-2.856049	73.2888	0.1242533	2	1	84	12	1	2	2	171	67.2	15.2	2	2	162	65.9	13.8
2	2	57	36.5	16	2	2	57	36	11.9	2	2	57	26.3	5.5	2	2	57	160.2	6	2	2	57	22.2	11.2	2	2	57	26.3	8.8	2	2	57	79.2	24.4	2	2	57	31.2	4.6	2	2	57	67.7	14.6	1	2	71	97.9	15.9	1	190	-2.846633	73.44611	0.1243575	2	1	85	12	1	2	2	172	67.2	15.2	2	2	163	65.9	13.8
2	2	58	36.5	16	2	2	58	36	11.9	2	2	58	26.3	5.5	2	2	58	160.2	6	2	2	58	22.2	11.2	2	2	58	26.3	8.8	2	2	58	79.2	24.4	2	2	58	31.2	4.6	2	2	58	67.7	14.6	1	2	72	97.9	15.9	1	191	-2.837133	73.60319	0.1244601	2	1	86	12	1	2	2	173	67.2	15.2	2	2	164	65.9	13.8
2	2	59	36.5	16	2	2	59	36	11.9	2	2	59	26.3	5.5	2	2	59	160.2	6	2	2	59	22.2	11.2	2	2	59	26.3	8.8	2	2	59	79.2	24.4	2	2	59	31.2	4.6	2	2	59	67.7	14.6	1	2	73	97.9	15.9	1	192	-2.827549	73.76004	0.124561	2	1	87	12.8	1.1						2	2	165	67.4	14.5
2	2	60	36.8	15.7	2	2	60	35.8	11.1	2	2	60	26.5	5.4	2	2	60	159.6	6.3	2	2	60	22.2	11	2	2	60	26.5	8.7	2	2	60	79.3	23.9	2	2	60	31.2	4.5	2	2	60	67.4	13.8	1	2	74	97.9	15.9	1	193	-2.817882	73.91666	0.1246605	2	1	88	12.8	1.1						2	2	166	67.4	14.5
2	2	61	36.8	15.7	2	2	61	35.8	11.1	2	2	61	26.5	5.4	2	2	61	159.6	6.3	2	2	61	22.2	11	2	2	61	26.5	8.7	2	2	61	79.3	23.9	2	2	61	31.2	4.5	2	2	61	67.4	13.8	1	2	75	97.9	15.9	1	194	-2.808133	74.07304	0.1247584	2	1	89	12.8	1.1						2	2	167	67.4	14.5
2	2	62	36.8	15.7	2	2	62	35.8	11.1	2	2	62	26.5	5.4	2	2	62	159.6	6.3	2	2	62	22.2	11	2	2	62	26.5	8.7	2	2	62	79.3	23.9	2	2	62	31.2	4.5	2	2	62	67.4	13.8	1	2	76	97.9	15.9	1	195	-2.798303	74.22919	0.1248549	2	1	90	13.5	1						2	2	168	68.1	13.9
2	2	63	36.8	15.7	2	2	63	35.8	11.1	2	2	63	26.5	5.4	2	2	63	159.6	6.3	2	2	63	22.2	11	2	2	63	26.5	8.7	2	2	63	79.3	23.9	2	2	63	31.2	4.5	2	2	63	67.4	13.8	1	2	77	97.9	15.9	1	196	-2.788394	74.38512	0.1249501	2	1	91	13.5	1						2	2	169	68.1	13.9
2	2	64	36.8	15.7	2	2	64	35.8	11.1	2	2	64	26.5	5.4	2	2	64	159.6	6.3	2	2	64	22.2	11	2	2	64	26.5	8.7	2	2	64	79.3	23.9	2	2	64	31.2	4.5	2	2	64	67.4	13.8	1	2	78	97.9	15.9	1	197	-2.778406	74.54081	0.1250439	2	1	92	13.5	1						2	2	170	68.1	13.9
2	2	65	34.4	14.8	2	2	65	35.7	11.1	2	2	65	26.6	5.4	2	2	65	158.6	6	2	2	65	20.7	10.3	2	2	65	25	8.3	2	2	65	76.6	22.6	2	2	65	30.7	4.4	2	2	65	66.9	13.9	1	2	79	97.9	15.9	1	198	-2.768339	74.69627	0.1251365	2	1	93	14.4	1.2						2	2	171	70.6	15.1
2	2	66	34.4	14.8	2	2	66	35.7	11.1	2	2	66	26.6	5.4	2	2	66	158.6	6	2	2	66	20.7	10.3	2	2	66	25	8.3	2	2	66	76.6	22.6	2	2	66	30.7	4.4	2	2	66	66.9	13.9	1	2	80	91.2	15.5	1	199	-2.758195	74.85151	0.1252278	2	1	94	14.4	1.2						2	2	172	70.6	15.1
2	2	67	34.4	14.8	2	2	67	35.7	11.1	2	2	67	26.6	5.4	2	2	67	158.6	6	2	2	67	20.7	10.3	2	2	67	25	8.3	2	2	67	76.6	22.6	2	2	67	30.7	4.4	2	2	67	66.9	13.9	1	2	81	91.2	15.5	1	200	-2.747973	75.00651	0.125318	2	1	95	14.4	1.2						2	2	173	70.6	15.1
2	2	68	34.4	14.8	2	2	68	35.7	11.1	2	2	68	26.6	5.4	2	2	68	158.6	6	2	2	68	20.7	10.3	2	2	68	25	8.3	2	2	68	76.6	22.6	2	2	68	30.7	4.4	2	2	68	66.9	13.9	1	2	82	91.2	15.5	1	201	-2.737675	75.16129	0.1254071	2	1	96	15	1.2						2	2	174	71.4	15.7
2	2	69	34.4	14.8	2	2	69	35.7	11.1	2	2	69	26.6	5.4	2	2	69	158.6	6	2	2	69	20.7	10.3	2	2	69	25	8.3	2	2	69	76.6	22.6	2	2	69	30.7	4.4	2	2	69	66.9	13.9	1	2	83	91.2	15.5	1	202	-2.727301	75.31583	0.1254952	2	1	97	15	1.2						2	2	175	71.4	15.7
2	2	70	32.8	14.5	2	2	70	35.8	10.7	2	2	70	26.4	5.2	2	2	70	157.5	6.1	2	2	70	20.2	10	2	2	70	24	8.3	2	2	70	75.1	21.8	2	2	70	30.4	4.3	2	2	70	65.6	13.1	1	2	84	91.2	15.5	1	203	-2.716851	75.47016	0.1255822	2	1	98	15	1.2						2	2	176	71.4	15.7
2	2	71	32.8	14.5	2	2	71	35.8	10.7	2	2	71	26.4	5.2	2	2	71	157.5	6.1	2	2	71	20.2	10	2	2	71	24	8.3	2	2	71	75.1	21.8	2	2	71	30.4	4.3	2	2	71	65.6	13.1	1	2	85	91.2	15.5	1	204	-2.706327	75.62426	0.1256683	2	1	99	16	1.3						2	2	177	72.4	14.3
2	2	72	32.8	14.5	2	2	72	35.8	10.7	2	2	72	26.4	5.2	2	2	72	157.5	6.1	2	2	72	20.2	10	2	2	72	24	8.3	2	2	72	75.1	21.8	2	2	72	30.4	4.3	2	2	72	65.6	13.1	1	2	86	91.2	15.5	1	205	-2.695729	75.77814	0.1257535	2	1	100	16	1.3						2	2	178	72.4	14.3
2	2	73	32.8	14.5	2	2	73	35.8	10.7	2	2	73	26.4	5.2	2	2	73	157.5	6.1	2	2	73	20.2	10	2	2	73	24	8.3	2	2	73	75.1	21.8	2	2	73	30.4	4.3	2	2	73	65.6	13.1	1	2	87	91.2	15.5	1	206	-2.685059	75.9318	0.1258379	2	1	101	16	1.3						2	2	179	72.4	14.3
2	2	74	32.8	14.5	2	2	74	35.8	10.7	2	2	74	26.4	5.2	2	2	74	157.5	6.1	2	2	74	20.2	10	2	2	74	24	8.3	2	2	74	75.1	21.8	2	2	74	30.4	4.3	2	2	74	65.6	13.1	1	2	88	91.2	15.5	1	207	-2.674316	76.08524	0.1259214	2	1	102	16.9	1.3										
1	1	1	7.4	2.3	1	1	1	13.2	2.5	1	1	1	17.4	1.8	1	1	1	82.3	5.4	1	1	1	6.6	2	1	1	1	10.2	3	1	1	1	20.6	3.5	1	1	1	16	1.3	1	1	1	11.8	1.6	1	2	89	91.2	15.5	1	208	-2.663503	76.23845	0.1260042	2	1	103	16.9	1.3										
1	1	2	7.1	2.4	1	1	2	14.1	2.5	1	1	2	16.4	1.4	1	1	2	90.7	4.7	1	1	2	6.1	2.1	1	1	2	9.6	3.1	1	1	2	21.3	3.3	1	1	2	16.3	1.2	1	1	2	13.5	1.8	1	2	90	91.2	15.5	1	209	-2.652619	76.39145	0.1260862	2	1	104	16.9	1.3										
1	1	3	6.9	2.2	1	1	3	15.3	2.8	1	1	3	15.9	1.4	1	1	3	99.1	5.4	1	1	3	5.4	1.7	1	1	3	9	2.6	1	1	3	22.2	3.9	1	1	3	16.6	1.4	1	1	3	15.7	2.4	2	1	2	47.8	2.9	1	210	-2.641667	76.54423	0.1261676	2	1	105	17.7	1.7										
1	1	4	6.4	2.1	1	1	4	16.4	2.8	1	1	4	15.5	1.3	1	1	4	107.1	5.7	1	1	4	5	1.4	1	1	4	8.2	2.4	1	1	4	22.7	3.8	1	1	4	16.8	1.4	1	1	4	17.9	2.4	2	1	3	49.4	2.9	1	211	-2.630646	76.6968	0.1262483	2	1	106	17.7	1.7										
1	1	5	6.3	3	1	1	5	18.5	2.9	1	1	5	15.6	1.6	1	1	5	114.3	5.5	1	1	5	5	2.2	1	1	5	7.5	3	1	1	5	24.8	4.8	1	1	5	17.6	1.6	1	1	5	20.5	3.2	2	1	4	51.5	3.4	1	212	-2.619558	76.84915	0.1263284	2	1	107	17.7	1.7										
1	1	6	6.5	4.6	1	1	6	20.5	4.8	1	1	6	16.1	2.2	1	1	6	119.7	5.5	1	1	6	5.1	3.5	1	1	6	7.4	4.1	1	1	6	27	7.3	1	1	6	18.3	2.2	1	1	6	23	3.7	2	1	19	82.3	10.1	1	213	-2.608403	77.0013	0.126408	2	1	108	18.7	1.9										
1	1	7	6.5	4.1	1	1	7	21.9	5.4	1	1	7	15.7	1.9	1	1	7	125.1	6.1	1	1	7	5.2	3	1	1	7	7.1	3.6	1	1	7	28.4	7.9	1	1	7	18.7	2.4	1	1	7	24.7	4.4	2	1	20	88.1	12.33	1	214	-2.597183	77.15324	0.126487	2	1	109	18.7	1.9										
1	1	8	7.1	4.1	1	1	8	22.5	3.3	1	1	8	16.1	1.7	1	1	8	131.8	6.3	1	1	8	5.7	3	1	1	8	7.8	3.9	1	1	8	29.7	5.9	1	1	8	19.2	1.9	1	1	8	28.1	4.6	2	1	21	88.1	12.33	1	215	-2.585899	77.30497	0.1265655	2	1	110	18.7	1.9										
1	1	9	7.4	4	1	1	9	24.9	5.5	1	1	9	16.4	2.1	1	1	9	135.9	5.7	1	1	9	5.6	3.6	1	1	9	7.6	3.5	1	1	9	32.3	7.9	1	1	9	20	2.3	1	1	9	30.4	5.6	2	1	22	88.1	12.33	1	216	-2.574552	77.4565	0.1266436	2	1	111	20.1	2.3										
1	1	10	9.9	7.5	1	1	10	27	5.2	1	1	10	17.5	2.8	1	1	10	141.4	7.8	1	1	10	7.3	5.7	1	1	10	9.5	5.5	1	1	10	36.9	11.5	1	1	10	21.3	3	1	1	10	35.3	7.9	2	1	23	88.1	12.33	1	217	-2.563142	77.60783	0.1267212	2	1	112	20.1	2.3										
1	1	11	10.6	8.1	1	1	11	29.4	6.9	1	1	11	17.7	3	1	1	11	147.3	7.8	1	1	11	7.6	5.9	1	1	11	9.8	6	1	1	11	40	12.5	1	1	11	22.2	3.2	1	1	11	38.9	9.7	2	1	24	88.1	12.33	1	218	-2.551671	77.75896	0.1267985	2	1	113	20.1	2.3										
1	1	12	11.7	11.1	1	1	12	32.8	8.5	1	1	12	18.6	4.1	1	1	12	151.3	9.4	1	1	12	8.3	7.3	1	1	12	10	6.9	1	1	12	44.4	18	1	1	12	23.3	4.1	1	1	12	43.4	14.7	2	1	25	88.1	12.33	1	219	-2.540139	77.9099	0.1268753	2	1	114	20.9	2.1										
1	1	13	9.4	5.6	1	1	13	38	11.4	1	1	13	18.5	2.4	1	1	13	159.1	9.1	1	1	13	6.9	3.8	1	1	13	8	4.2	1	1	13	47.4	13.7	1	1	13	24.2	3.4	1	1	13	47.2	9.4	2	1	26	88.1	12.33	1	220	-2.528548	78.06064	0.1269518	2	1	115	20.9	2.1										
1	1	14	9.4	5.6	1	1	14	43.2	9.7	1	1	14	19.6	2.6	1	1	14	165.8	9.3	1	1	14	7.4	4.6	1	1	14	7.6	3.9	1	1	14	52.5	12.4	1	1	14	25.5	2.9	1	1	14	54.2	9.8	2	1	27	88.1	12.33	1	221	-2.516899	78.21119	0.127028	2	1	116	20.9	2.1										
1	1	15	12.4	10.2	1	1	15	48.9	9.7	1	1	15	21.3	3.2	1	1	15	170.6	6	1	1	15	10.4	8.4	1	1	15	9.3	6.9	1	1	15	61.6	14.7	1	1	15	27.6	3.2	1	1	15	62.1	10.9	2	1	28	88.1	12.33	1	222	-2.505191	78.36156	0.1271039	2	1	117	22.1	2.4										
1	1	16	11.2	7.8	1	1	16	55.2	9.3	1	1	16	21.9	3	1	1	16	173.7	6.8	1	1	16	9.6	4.7	1	1	16	8	5.1	1	1	16	66.4	12.1	1	1	16	28.8	2.6	1	1	16	66.2	9.9	2	1	29	88.1	12.33	1	223	-2.493427	78.51175	0.1271795	2	1	118	22.1	2.4										
1	1	17	10.8	7.9	1	1	17	54	10	1	1	17	21.3	3.2	1	1	17	175.5	6.9	1	1	17	9.5	4.9	1	1	17	7.8	5.1	1	1	17	65.5	15.2	1	1	17	28.5	3.2	1	1	17	65.6	11.7	2	1	30	94.6	12.87	1	224	-2.481607	78.66176	0.1272549	2	1	119	22.1	2.4										
1	1	18	14.6	12.8	1	1	18	52	11.8	1	1	18	23.5	4.6	1	1	18	175.8	7	1	1	18	12.7	7.9	1	1	18	9.6	7	1	1	18	76.6	20.2	1	1	18	30.8	3.8	1	1	18	72.8	15.5	2	1	31	94.6	12.87	1	225	-2.469731	78.81159	0.12733	2	1	120	23.4	2.3										
1	1	19	14.6	12.8	1	1	19	52	11.8	1	1	19	23.5	4.6	1	1	19	175.8	7	1	1	19	12.7	7.9	1	1	19	9.6	7	1	1	19	76.6	20.2	1	1	19	30.8	3.8	1	1	19	72.8	15.5	2	1	32	94.6	12.87	1	226	-2.4578	78.96125	0.1274049	2	1	121	23.4	2.3										
1	1	20	14.6	12.8	1	1	20	52	11.8	1	1	20	23.5	4.6	1	1	20	175.8	7	1	1	20	12.7	7.9	1	1	20	9.6	7	1	1	20	76.6	20.2	1	1	20	30.8	3.8	1	1	20	72.8	15.5	2	1	33	94.6	12.87	1	227	-2.445816	79.11074	0.1274797	2	1	122	23.4	2.3										
1	1	21	14.6	12.8	1	1	21	52	11.8	1	1	21	23.5	4.6	1	1	21	175.8	7	1	1	21	12.7	7.9	1	1	21	9.6	7	1	1	21	76.6	20.2	1	1	21	30.8	3.8	1	1	21	72.8	15.5	2	1	34	94.6	12.87	2	60	-2.515343	52.29203	9.01E-02	2	1	123	24.8	2.6										
1	1	22	14.6	12.8	1	1	22	52	11.8	1	1	22	23.5	4.6	1	1	22	175.8	7	1	1	22	12.7	7.9	1	1	22	9.6	7	1	1	22	76.6	20.2	1	1	22	30.8	3.8	1	1	22	72.8	15.5	2	1	35	94.6	12.87	2	61	-2.516955	52.45201	9.06E-02	2	1	124	24.8	2.6										
1	1	23	14.6	12.8	1	1	23	52	11.8	1	1	23	23.5	4.6	1	1	23	175.8	7	1	1	23	12.7	7.9	1	1	23	9.6	7	1	1	23	76.6	20.2	1	1	23	30.8	3.8	1	1	23	72.8	15.5	2	1	36	94.6	12.87	2	62	-2.518468	52.61214	9.12E-02	2	1	125	24.8	2.6										
1	1	24	14.6	12.8	1	1	24	52	11.8	1	1	24	23.5	4.6	1	1	24	175.8	7	1	1	24	12.7	7.9	1	1	24	9.6	7	1	1	24	76.6	20.2	1	1	24	30.8	3.8	1	1	24	72.8	15.5	2	1	37	94.6	12.87	2	63	-2.519881	52.77242	9.18E-02	2	1	126	26.6	4										
1	1	25	16.3	13.9	1	1	25	56.9	12.6	1	1	25	24.7	5.5	1	1	25	175.7	7.4	1	1	25	14.5	9.4	1	1	25	10.3	7.7	1	1	25	84.4	24.4	1	1	25	32.3	4.3	1	1	25	76.4	17.6	2	1	38	94.6	12.87	2	64	-2.521193	52.93286	9.23E-02	2	1	127	26.6	4										
1	1	26	16.3	13.9	1	1	26	56.9	12.6	1	1	26	24.7	5.5	1	1	26	175.7	7.4	1	1	26	14.5	9.4	1	1	26	10.3	7.7	1	1	26	84.4	24.4	1	1	26	32.3	4.3	1	1	26	76.4	17.6	2	1	39	94.6	12.87	2	65	-2.522404	53.09347	9.29E-02	2	1	128	26.6	4										
1	1	27	16.3	13.9	1	1	27	56.9	12.6	1	1	27	24.7	5.5	1	1	27	175.7	7.4	1	1	27	14.5	9.4	1	1	27	10.3	7.7	1	1	27	84.4	24.4	1	1	27	32.3	4.3	1	1	27	76.4	17.6	2	1	40	98.4	13.46	2	66	-2.523515	53.25426	9.35E-02	2	1	129	27.9	3.2										
1	1	28	16.3	13.9	1	1	28	56.9	12.6	1	1	28	24.7	5.5	1	1	28	175.7	7.4	1	1	28	14.5	9.4	1	1	28	10.3	7.7	1	1	28	84.4	24.4	1	1	28	32.3	4.3	1	1	28	76.4	17.6	2	1	41	98.4	13.46	2	67	-2.524524	53.41523	9.40E-02	2	1	130	27.9	3.2										
1	1	29	16.3	13.9	1	1	29	56.9	12.6	1	1	29	24.7	5.5	1	1	29	175.7	7.4	1	1	29	14.5	9.4	1	1	29	10.3	7.7	1	1	29	84.4	24.4	1	1	29	32.3	4.3	1	1	29	76.4	17.6	2	1	42	98.4	13.46	2	68	-2.525432	53.57638	9.46E-02	2	1	131	27.9	3.2										
1	1	30	19.1	13.9	1	1	30	60.3	14	1	1	30	26	5.5	1	1	30	175.9	6.4	1	1	30	17.4	9.9	1	1	30	11.8	7.4	1	1	30	90.1	24.1	1	1	30	33.4	4.1	1	1	30	80.5	17.9	2	1	43	98.4	13.46	2	69	-2.526238	53.73773	9.51E-02	2	1	132	29.5	3.5										
1	1	31	19.1	13.9	1	1	31	60.3	14	1	1	31	26	5.5	1	1	31	175.9	6.4	1	1	31	17.4	9.9	1	1	31	11.8	7.4	1	1	31	90.1	24.1	1	1	31	33.4	4.1	1	1	31	80.5	17.9	2	1	44	98.4	13.46	2	70	-2.526943	53.89929	9.57E-02	2	1	133	29.5	3.5										
1	1	32	19.1	13.9	1	1	32	60.3	14	1	1	32	26	5.5	1	1	32	175.9	6.4	1	1	32	17.4	9.9	1	1	32	11.8	7.4	1	1	32	90.1	24.1	1	1	32	33.4	4.1	1	1	32	80.5	17.9	2	1	45	98.4	13.46	2	71	-2.527546	54.06105	0.0962481	2	1	134	29.5	3.5										
1	1	33	19.1	13.9	1	1	33	60.3	14	1	1	33	26	5.5	1	1	33	175.9	6.4	1	1	33	17.4	9.9	1	1	33	11.8	7.4	1	1	33	90.1	24.1	1	1	33	33.4	4.1	1	1	33	80.5	17.9	2	1	46	98.4	13.46	2	72	-2.528045	54.22302	9.68E-02	2	1	135	31.6	4.7										
1	1	34	19.1	13.9	1	1	34	60.3	14	1	1	34	26	5.5	1	1	34	175.9	6.4	1	1	34	17.4	9.9	1	1	34	11.8	7.4	1	1	34	90.1	24.1	1	1	34	33.4	4.1	1	1	34	80.5	17.9	2	1	47	98.4	13.46	2	73	-2.528442	54.38521	0.0973532	2	1	136	31.6	4.7										
1	1	35	18.9	13.4	1	1	35	61.6	13.6	1	1	35	26.4	4.9	1	1	35	175.4	7.3	1	1	35	19	10.1	1	1	35	11.7	7.7	1	1	35	92.2	20.8	1	1	35	33.8	3.9	1	1	35	81.2	15.9	2	1	48	98.4	13.46	2	74	-2.528734	54.54762	9.79E-02	2	1	137	31.6	4.7										
1	1	36	18.9	13.4	1	1	36	61.6	13.6	1	1	36	26.4	4.9	1	1	36	175.4	7.3	1	1	36	19	10.1	1	1	36	11.7	7.7	1	1	36	92.2	20.8	1	1	36	33.8	3.9	1	1	36	81.2	15.9	2	1	49	98.4	13.46	2	75	-2.528924	54.71025	9.85E-02	2	1	138	33.5	4.6										
1	1	37	18.9	13.4	1	1	37	61.6	13.6	1	1	37	26.4	4.9	1	1	37	175.4	7.3	1	1	37	19	10.1	1	1	37	11.7	7.7	1	1	37	92.2	20.8	1	1	37	33.8	3.9	1	1	37	81.2	15.9	2	1	50	100.9	12.23	2	76	-2.529012	54.87312	9.90E-02	2	1	139	33.5	4.6										
1	1	38	18.9	13.4	1	1	38	61.6	13.6	1	1	38	26.4	4.9	1	1	38	175.4	7.3	1	1	38	19	10.1	1	1	38	11.7	7.7	1	1	38	92.2	20.8	1	1	38	33.8	3.9	1	1	38	81.2	15.9	2	1	51	100.9	12.23	2	77	-2.528996	55.03621	9.95E-02	2	1	140	33.5	4.6										
1	1	39	18.9	13.4	1	1	39	61.6	13.6	1	1	39	26.4	4.9	1	1	39	175.4	7.3	1	1	39	19	10.1	1	1	39	11.7	7.7	1	1	39	92.2	20.8	1	1	39	33.8	3.9	1	1	39	81.2	15.9	2	1	52	100.9	12.23	2	78	-2.528879	55.19953	0.1000815	2	1	141	36.5	5.1										
1	1	40	18.7	12.6	1	1	40	59.6	13.8	1	1	40	26.2	4.7	1	1	40	174.8	6.2	1	1	40	17.2	9.4	1	1	40	11.7	7.1	1	1	40	88.8	20.8	1	1	40	33.2	3.9	1	1	40	79.7	15.3	2	1	53	100.9	12.23	2	79	-2.528661	55.36309	0.1006204	2	1	142	36.5	5.1										
1	1	41	18.7	12.6	1	1	41	59.6	13.8	1	1	41	26.2	4.7	1	1	41	174.8	6.2	1	1	41	17.2	9.4	1	1	41	11.7	7.1	1	1	41	88.8	20.8	1	1	41	33.2	3.9	1	1	41	79.7	15.3	2	1	54	100.9	12.23	2	80	-2.528342	55.52689	0.1011567	2	1	143	36.5	5.1										
1	1	42	18.7	12.6	1	1	42	59.6	13.8	1	1	42	26.2	4.7	1	1	42	174.8	6.2	1	1	42	17.2	9.4	1	1	42	11.7	7.1	1	1	42	88.8	20.8	1	1	42	33.2	3.9	1	1	42	79.7	15.3	2	1	55	100.9	12.23	2	81	-2.527923	55.69093	0.1016904	2	1	144	39.4	7.2										
1	1	43	18.7	12.6	1	1	43	59.6	13.8	1	1	43	26.2	4.7	1	1	43	174.8	6.2	1	1	43	17.2	9.4	1	1	43	11.7	7.1	1	1	43	88.8	20.8	1	1	43	33.2	3.9	1	1	43	79.7	15.3	2	1	56	100.9	12.23	2	82	-2.527404	55.85521	0.1022214	2	1	145	39.4	7.2										
1	1	44	18.7	12.6	1	1	44	59.6	13.8	1	1	44	26.2	4.7	1	1	44	174.8	6.2	1	1	44	17.2	9.4	1	1	44	11.7	7.1	1	1	44	88.8	20.8	1	1	44	33.2	3.9	1	1	44	79.7	15.3	2	1	57	100.9	12.23	2	83	-2.526785	56.01972	0.1027496	2	1	146	39.4	7.2										
1	1	45	19	13.2	1	1	45	58.8	13.7	1	1	45	26.4	5	1	1	45	175.3	8	1	1	45	17.9	10.7	1	1	45	11.8	7.5	1	1	45	88.1	21.7	1	1	45	33	4.1	1	1	45	81	15.9	2	1	58	100.9	12.23	2	84	-2.526068	56.18447	0.1032749	2	1	147	40.6	6.7										
1	1	46	19	13.2	1	1	46	58.8	13.7	1	1	46	26.4	5	1	1	46	175.3	8	1	1	46	17.9	10.7	1	1	46	11.8	7.5	1	1	46	88.1	21.7	1	1	46	33	4.1	1	1	46	81	15.9	2	1	59	100.9	12.23	2	85	-2.525252	56.34946	0.1037972	2	1	148	40.6	6.7										
1	1	47	19	13.2	1	1	47	58.8	13.7	1	1	47	26.4	5	1	1	47	175.3	8	1	1	47	17.9	10.7	1	1	47	11.8	7.5	1	1	47	88.1	21.7	1	1	47	33	4.1	1	1	47	81	15.9	2	1	60	102.3	12.04	2	86	-2.524339	56.51467	0.1043164	2	1	149	40.6	6.7										
1	1	48	19	13.2	1	1	48	58.8	13.7	1	1	48	26.4	5	1	1	48	175.3	8	1	1	48	17.9	10.7	1	1	48	11.8	7.5	1	1	48	88.1	21.7	1	1	48	33	4.1	1	1	48	81	15.9	2	1	61	102.3	12.04	2	87	-2.523329	56.68011	0.1048324	2	2	81	11.1	0.8										
1	1	49	19	13.2	1	1	49	58.8	13.7	1	1	49	26.4	5	1	1	49	175.3	8	1	1	49	17.9	10.7	1	1	49	11.8	7.5	1	1	49	88.1	21.7	1	1	49	33	4.1	1	1	49	81	15.9	2	1	62	102.3	12.04	2	88	-2.522224	56.84578	0.1053452	2	2	82	11.1	0.8										
1	1	50	18.2	11.8	1	1	50	60.6	17.1	1	1	50	26.3	4.7	1	1	50	173.7	6.1	1	1	50	17.4	10.1	1	1	50	11.2	6.4	1	1	50	88.8	24.5	1	1	50	33.1	4.5	1	1	50	79.6	15.8	2	1	63	102.3	12.04	2	89	-2.521024	57.01166	0.1058548	2	2	83	11.1	0.8										
1	1	51	18.2	11.8	1	1	51	60.6	17.1	1	1	51	26.3	4.7	1	1	51	173.7	6.1	1	1	51	17.4	10.1	1	1	51	11.2	6.4	1	1	51	88.8	24.5	1	1	51	33.1	4.5	1	1	51	79.6	15.8	2	1	64	102.3	12.04	2	90	-2.51973	57.17775	0.1063609	2	2	84	12	0.9										
1	1	52	18.2	11.8	1	1	52	60.6	17.1	1	1	52	26.3	4.7	1	1	52	173.7	6.1	1	1	52	17.4	10.1	1	1	52	11.2	6.4	1	1	52	88.8	24.5	1	1	52	33.1	4.5	1	1	52	79.6	15.8	2	1	65	102.3	12.04	2	91	-2.518344	57.34406	0.1068637	2	2	85	12	0.9										
1	1	53	18.2	11.8	1	1	53	60.6	17.1	1	1	53	26.3	4.7	1	1	53	173.7	6.1	1	1	53	17.4	10.1	1	1	53	11.2	6.4	1	1	53	88.8	24.5	1	1	53	33.1	4.5	1	1	53	79.6	15.8	2	1	66	102.3	12.04	2	92	-2.516867	57.51056	0.1073629	2	2	86	12	0.9										
1	1	54	18.2	11.8	1	1	54	60.6	17.1	1	1	54	26.3	4.7	1	1	54	173.7	6.1	1	1	54	17.4	10.1	1	1	54	11.2	6.4	1	1	54	88.8	24.5	1	1	54	33.1	4.5	1	1	54	79.6	15.8	2	1	67	102.3	12.04	2	93	-2.5153	57.67726	0.1078586	2	2	87	12.5	1										
1	1	55	18	12.5	1	1	55	58.7	13.4	1	1	55	26.3	5.1	1	1	55	173.5	6.7	1	1	55	17.7	10	1	1	55	11.2	7.2	1	1	55	87.3	21.6	1	1	55	32.9	4.1	1	1	55	79.4	17	2	1	68	102.3	12.04	2	94	-2.513644	57.84415	0.1083508	2	2	88	12.5	1										
1	1	56	18	12.5	1	1	56	58.7	13.4	1	1	56	26.3	5.1	1	1	56	173.5	6.7	1	1	56	17.7	10	1	1	56	11.2	7.2	1	1	56	87.3	21.6	1	1	56	32.9	4.1	1	1	56	79.4	17	2	1	69	102.3	12.04	2	95	-2.511899	58.01123	0.1088392	2	2	89	12.5	1										
1	1	57	18	12.5	1	1	57	58.7	13.4	1	1	57	26.3	5.1	1	1	57	173.5	6.7	1	1	57	17.7	10	1	1	57	11.2	7.2	1	1	57	87.3	21.6	1	1	57	32.9	4.1	1	1	57	79.4	17	2	1	70	100.7	11.26	2	96	-2.510067	58.17848	0.109324	2	2	90	13.2	1.2										
1	1	58	18	12.5	1	1	58	58.7	13.4	1	1	58	26.3	5.1	1	1	58	173.5	6.7	1	1	58	17.7	10	1	1	58	11.2	7.2	1	1	58	87.3	21.6	1	1	58	32.9	4.1	1	1	58	79.4	17	2	1	71	100.7	11.26	2	97	-2.508148	58.3459	0.1098051	2	2	91	13.2	1.2										
1	1	59	18	12.5	1	1	59	58.7	13.4	1	1	59	26.3	5.1	1	1	59	173.5	6.7	1	1	59	17.7	10	1	1	59	11.2	7.2	1	1	59	87.3	21.6	1	1	59	32.9	4.1	1	1	59	79.4	17	2	1	72	100.7	11.26	2	98	-2.506145	58.51347	0.1102824	2	2	92	13.2	1.2										
1	1	60	18.5	12.1	1	1	60	55.5	12.3	1	1	60	25.5	4.2	1	1	60	174.1	6.5	1	1	60	18	9.6	1	1	60	11.8	7	1	1	60	84.5	19.7	1	1	60	32.4	3.8	1	1	60	77.5	14.5	2	1	73	100.7	11.26	2	99	-2.504058	58.68121	0.110756	2	2	93	14	1.2										
1	1	61	18.5	12.1	1	1	61	55.5	12.3	1	1	61	25.5	4.2	1	1	61	174.1	6.5	1	1	61	18	9.6	1	1	61	11.8	7	1	1	61	84.5	19.7	1	1	61	32.4	3.8	1	1	61	77.5	14.5	2	1	74	100.7	11.26	2	100	-2.501889	58.84908	0.1112257	2	2	94	14	1.2										
1	1	62	18.5	12.1	1	1	62	55.5	12.3	1	1	62	25.5	4.2	1	1	62	174.1	6.5	1	1	62	18	9.6	1	1	62	11.8	7	1	1	62	84.5	19.7	1	1	62	32.4	3.8	1	1	62	77.5	14.5	2	1	75	100.7	11.26	2	101	-2.49964	59.0171	0.1116915	2	2	95	14	1.2										
1	1	63	18.5	12.1	1	1	63	55.5	12.3	1	1	63	25.5	4.2	1	1	63	174.1	6.5	1	1	63	18	9.6	1	1	63	11.8	7	1	1	63	84.5	19.7	1	1	63	32.4	3.8	1	1	63	77.5	14.5	2	1	76	100.7	11.26	2	102	-2.497311	59.18524	0.1121535	2	2	96	15	1.3										
1	1	64	18.5	12.1	1	1	64	55.5	12.3	1	1	64	25.5	4.2	1	1	64	174.1	6.5	1	1	64	18	9.6	1	1	64	11.8	7	1	1	64	84.5	19.7	1	1	64	32.4	3.8	1	1	64	77.5	14.5	2	1	77	100.7	11.26	2	103	-2.494904	59.35351	0.1126115	2	2	97	15	1.3										
1	1	65	16.3	11.5	1	1	65	53.1	14.3	1	1	65	25.1	4.6	1	1	65	170.8	6.3	1	1	65	16.3	9.6	1	1	65	10.7	6.8	1	1	65	79.4	20.5	1	1	65	31.3	4	1	1	65	73.5	14.5	2	1	78	100.7	11.26	2	104	-2.49242	59.52188	0.1130656	2	2	98	15	1.3										
1	1	66	16.3	11.5	1	1	66	53.1	14.3	1	1	66	25.1	4.6	1	1	66	170.8	6.3	1	1	66	16.3	9.6	1	1	66	10.7	6.8	1	1	66	79.4	20.5	1	1	66	31.3	4	1	1	66	73.5	14.5	2	1	79	100.7	11.26	2	105	-2.489861	59.69037	0.1135157	2	2	99	15.8	1.5										
1	1	67	16.3	11.5	1	1	67	53.1	14.3	1	1	67	25.1	4.6	1	1	67	170.8	6.3	1	1	67	16.3	9.6	1	1	67	10.7	6.8	1	1	67	79.4	20.5	1	1	67	31.3	4	1	1	67	73.5	14.5	2	1	80	98.2	11.41	2	106	-2.487228	59.85896	0.1139618	2	2	100	15.8	1.5										
1	1	68	16.3	11.5	1	1	68	53.1	14.3	1	1	68	25.1	4.6	1	1	68	170.8	6.3	1	1	68	16.3	9.6	1	1	68	10.7	6.8	1	1	68	79.4	20.5	1	1	68	31.3	4	1	1	68	73.5	14.5	2	1	81	98.2	11.41	2	107	-2.484522	60.02763	0.1144038	2	2	101	15.8	1.5										
1	1	69	16.3	11.5	1	1	69	53.1	14.3	1	1	69	25.1	4.6	1	1	69	170.8	6.3	1	1	69	16.3	9.6	1	1	69	10.7	6.8	1	1	69	79.4	20.5	1	1	69	31.3	4	1	1	69	73.5	14.5	2	1	82	98.2	11.41	2	108	-2.481744	60.19638	0.1148418	2	2	102	16.7	2										
1	1	70	14.6	8.8	1	1	70	50.2	13.2	1	1	70	24.6	4.4	1	1	70	170.9	6.9	1	1	70	15.8	9.2	1	1	70	9.8	5.3	1	1	70	74.8	18.2	1	1	70	30.4	3.7	1	1	70	72.1	14.9	2	1	83	98.2	11.41	2	109	-2.478897	60.3652	0.1152758	2	2	103	16.7	2										
1	1	71	14.6	8.8	1	1	71	50.2	13.2	1	1	71	24.6	4.4	1	1	71	170.9	6.9	1	1	71	15.8	9.2	1	1	71	9.8	5.3	1	1	71	74.8	18.2	1	1	71	30.4	3.7	1	1	71	72.1	14.9	2	1	84	98.2	11.41	2	110	-2.475982	60.53409	0.1157057	2	2	104	16.7	2										
1	1	72	14.6	8.8	1	1	72	50.2	13.2	1	1	72	24.6	4.4	1	1	72	170.9	6.9	1	1	72	15.8	9.2	1	1	72	9.8	5.3	1	1	72	74.8	18.2	1	1	72	30.4	3.7	1	1	72	72.1	14.9	2	1	85	98.2	11.41	2	111	-2.473001	60.70303	0.1161315	2	2	105	17.7	1.6										
1	1	73	14.6	8.8	1	1	73	50.2	13.2	1	1	73	24.6	4.4	1	1	73	170.9	6.9	1	1	73	15.8	9.2	1	1	73	9.8	5.3	1	1	73	74.8	18.2	1	1	73	30.4	3.7	1	1	73	72.1	14.9	2	1	86	98.2	11.41	2	112	-2.469956	60.87202	0.1165532	2	2	106	17.7	1.6										
1	1	74	14.6	8.8	1	1	74	50.2	13.2	1	1	74	24.6	4.4	1	1	74	170.9	6.9	1	1	74	15.8	9.2	1	1	74	9.8	5.3	1	1	74	74.8	18.2	1	1	74	30.4	3.7	1	1	74	72.1	14.9	2	1	87	98.2	11.41	2	113	-2.466849	61.04104	0.1169709	2	2	107	17.7	1.6										
1	2	1	7.1	2.2	1	2	1	12.2	2.3	1	2	1	16.8	1.4	1	2	1	81	4	1	2	1	6.6	1.9	1	2	1	10.2	2.9	1	2	1	19.4	3.2	1	2	1	15.5	1.3	1	2	1	10.9	1.5	2	1	88	98.2	11.41	2	114	-2.463681	61.21009	0.1173845	2	2	108	18.2	1.6										
1	2	2	7.1	2.2	1	2	2	13.6	2.5	1	2	2	16.1	1.8	1	2	2	90	5.1	1	2	2	6.4	2.9	1	2	2	9.8	2.7	1	2	2	20.7	3.5	1	2	2	16.1	1.4	1	2	2	13	1.8	2	1	89	98.2	11.41	2	115	-2.460454	61.37915	0.1177941	2	2	109	18.2	1.6										
1	2	3	7	2.8	1	2	3	14.4	2.3	1	2	3	15.4	1.5	1	2	3	98.6	4.7	1	2	3	5.7	2.2	1	2	3	9.4	3.2	1	2	3	21.4	3.9	1	2	3	16.3	1.4	1	2	3	15	2.2	2	1	90	98.2	11.41	2	116	-2.45717	61.54822	0.1181996	2	2	110	18.2	1.6										
1	2	4	7.4	3	1	2	4	15.7	2.8	1	2	4	15.5	1.7	1	2	4	106.6	5.1	1	2	4	6	2.7	1	2	4	9.4	3.2	1	2	4	23.1	4.9	1	2	4	16.9	1.7	1	2	4	17.7	3	2	2	2	48.2	3.2	2	117	-2.45383	61.71729	0.1186011	2	2	111	19.4	1.8										
1	2	5	7.9	3.9	1	2	5	17	3.5	1	2	5	15.4	2	1	2	5	113.5	5.7	1	2	5	6	3.1	1	2	5	9.6	4	1	2	5	24.9	6	1	2	5	17.6	2	1	2	5	20	3.8	2	2	3	49.7	3.9	2	118	-2.450436	61.88633	0.1189986	2	2	112	19.4	1.8										
1	2	6	7.8	4.3	1	2	6	19	5.2	1	2	6	15.4	1.8	1	2	6	120.3	4.7	1	2	6	6.1	4.1	1	2	6	9.1	3.9	1	2	6	26.8	8.2	1	2	6	18.2	2.4	1	2	6	22.4	3.7	2	2	4	51.3	3.3	2	119	-2.446989	62.05536	0.1193921	2	2	113	19.4	1.8										
1	2	7	8.8	4.6	1	2	7	19.7	3.5	1	2	7	15.7	1.7	1	2	7	125.7	6.4	1	2	7	6.4	2.9	1	2	7	10	4.4	1	2	7	28.5	6.3	1	2	7	18.8	2	1	2	7	25	4.2	2	2	19	76.6	13.8	2	120	-2.443491	62.22434	0.1197817	2	2	114	20.8	2.6										
1	2	8	9.4	4.8	1	2	8	20.7	3.8	1	2	8	16.1	2.1	1	2	8	130.7	6.8	1	2	8	7.1	4.7	1	2	8	10.4	4.5	1	2	8	30.1	7	1	2	8	19.3	2.2	1	2	8	27.6	5.1	2	2	20	79.4	15.94	2	121	-2.439942	62.39328	0.1201673	2	2	115	20.8	2.6										
1	2	9	10.6	6.6	1	2	9	22.5	3.8	1	2	9	16.7	2.7	1	2	9	137	6.9	1	2	9	7.9	5.5	1	2	9	11.1	5.7	1	2	9	33.1	8.8	1	2	9	20.2	2.5	1	2	9	31.5	6.4	2	2	21	79.4	15.94	2	122	-2.436343	62.56215	0.1205491	2	2	116	20.8	2.6										
1	2	10	13.6	9	1	2	10	26	6.2	1	2	10	18.2	3.9	1	2	10	144.1	8.3	1	2	10	9.5	6.8	1	2	10	13	7	1	2	10	40	13.6	1	2	10	22.1	3.5	1	2	10	38.3	10.8	2	2	22	79.4	15.94	2	123	-2.432694	62.73095	0.1209271	2	2	117	21.8	2.1										
1	2	11	15.4	11.5	1	2	11	29	6.3	1	2	11	19.3	4.6	1	2	11	149.3	7.5	1	2	11	10.8	8.4	1	2	11	13.6	7.7	1	2	11	44.4	16.7	1	2	11	23.3	4	1	2	11	43.5	12.9	2	2	23	79.4	15.94	2	124	-2.428998	62.89966	0.1213013	2	2	118	21.8	2.1										
1	2	12	16.9	11.1	1	2	12	30.6	8.6	1	2	12	20.1	4.9	1	2	12	154.5	7.3	1	2	12	13.4	10.1	1	2	12	14.7	7.6	1	2	12	48	18.4	1	2	12	24.2	4.5	1	2	12	48.3	13.2	2	2	24	79.4	15.94	2	125	-2.425253	63.06827	0.1216718	2	2	119	21.8	2.1										
1	2	13	19	11.7	1	2	13	32	5.7	1	2	13	20.9	4	1	2	13	159.2	5.2	1	2	13	13.5	7.6	1	2	13	16.3	8.1	1	2	13	51.1	14.9	1	2	13	25.1	3.5	1	2	13	52.9	10.6	2	2	25	79.4	15.94	2	126	-2.421461	63.23677	0.1220385	2	2	120	23.2	2.6										
1	2	14	19	12.7	1	2	14	34.6	9	1	2	14	21.3	4.7	1	2	14	160.2	5.7	1	2	14	13.1	8.1	1	2	14	15.5	7.7	1	2	14	53.5	20.2	1	2	14	25.6	4.4	1	2	14	54.8	13.5	2	2	26	79.4	15.94	2	127	-2.417624	63.40514	0.1224017	2	2	121	23.2	2.6										
1	2	15	19.8	14	1	2	15	35.3	7.2	1	2	15	21.9	4.8	1	2	15	163	7	1	2	15	13.8	9.1	1	2	15	16.1	8.8	1	2	15	55.1	18.8	1	2	15	26	4.1	1	2	15	58.3	13.9	2	2	27	79.4	15.94	2	128	-2.413742	63.57337	0.1227612	2	2	122	23.2	2.6										
1	2	16	24.2	12.9	1	2	16	37.9	9.7	1	2	16	23.5	5	1	2	16	162.8	7.5	1	2	16	17.1	10	1	2	16	18.9	7.5	1	2	16	62.2	20.9	1	2	16	27.6	4.3	1	2	16	62.4	14.1	2	2	28	79.4	15.94	2	129	-2.409817	63.74146	0.1231172	2	2	123	24.4	2.4										
1	2	17	19.7	10.7	1	2	17	37.2	8.2	1	2	17	22.8	5.4	1	2	17	162	5.3	1	2	17	14.9	7.9	1	2	17	15.9	6.9	1	2	17	59.2	20.8	1	2	17	26.9	4.3	1	2	17	59.9	13.9	2	2	29	79.4	15.94	2	130	-2.40585	63.90938	0.1234696	2	2	124	24.4	2.4										
1	2	18	25.2	15	1	2	18	32.3	9.8	1	2	18	23.9	5.6	1	2	18	162.6	6.5	1	2	18	17.9	10.2	1	2	18	19.3	8.9	1	2	18	64.2	22.7	1	2	18	28	4.6	1	2	18	63.2	15.1	2	2	30	84.8	18.66	2	131	-2.401843	64.07713	0.1238185	2	2	125	24.4	2.4										
1	2	19	25.2	15	1	2	19	32.3	9.8	1	2	19	23.9	5.6	1	2	19	162.6	6.5	1	2	19	17.9	10.2	1	2	19	19.3	8.9	1	2	19	64.2	22.7	1	2	19	28	4.6	1	2	19	63.2	15.1	2	2	31	84.8	18.66	2	132	-2.397796	64.24468	0.124164	2	2	126	26.5	3										
1	2	20	25.2	15	1	2	20	32.3	9.8	1	2	20	23.9	5.6	1	2	20	162.6	6.5	1	2	20	17.9	10.2	1	2	20	19.3	8.9	1	2	20	64.2	22.7	1	2	20	28	4.6	1	2	20	63.2	15.1	2	2	32	84.8	18.66	2	133	-2.39371	64.41204	0.1245061	2	2	127	26.5	3										
1	2	21	25.2	15	1	2	21	32.3	9.8	1	2	21	23.9	5.6	1	2	21	162.6	6.5	1	2	21	17.9	10.2	1	2	21	19.3	8.9	1	2	21	64.2	22.7	1	2	21	28	4.6	1	2	21	63.2	15.1	2	2	33	84.8	18.66	2	134	-2.389586	64.57919	0.1248449	2	2	128	26.5	3										
1	2	22	25.2	15	1	2	22	32.3	9.8	1	2	22	23.9	5.6	1	2	22	162.6	6.5	1	2	22	17.9	10.2	1	2	22	19.3	8.9	1	2	22	64.2	22.7	1	2	22	28	4.6	1	2	22	63.2	15.1	2	2	34	84.8	18.66	2	135	-2.385425	64.74611	0.1251803	2	2	129	28.3	3.9										
1	2	23	25.2	15	1	2	23	32.3	9.8	1	2	23	23.9	5.6	1	2	23	162.6	6.5	1	2	23	17.9	10.2	1	2	23	19.3	8.9	1	2	23	64.2	22.7	1	2	23	28	4.6	1	2	23	63.2	15.1	2	2	35	84.8	18.66	2	136	-2.381227	64.9128	0.1255126	2	2	130	28.3	3.9										
1	2	24	25.2	15	1	2	24	32.3	9.8	1	2	24	23.9	5.6	1	2	24	162.6	6.5	1	2	24	17.9	10.2	1	2	24	19.3	8.9	1	2	24	64.2	22.7	1	2	24	28	4.6	1	2	24	63.2	15.1	2	2	36	84.8	18.66	2	137	-2.376993	65.07922	0.1258416	2	2	131	28.3	3.9										
1	2	25	31.2	17.9	1	2	25	34.6	10.5	1	2	25	25.6	6	1	2	25	162.9	5.9	1	2	25	21.6	11.3	1	2	25	22.8	10.2	1	2	25	72.9	25.6	1	2	25	29.9	5	1	2	25	67.8	15.7	2	2	37	84.8	18.66	2	138	-2.372722	65.24539	0.1261676	2	2	132	30.7	4.6										
1	2	26	31.2	17.9	1	2	26	34.6	10.5	1	2	26	25.6	6	1	2	26	162.9	5.9	1	2	26	21.6	11.3	1	2	26	22.8	10.2	1	2	26	72.9	25.6	1	2	26	29.9	5	1	2	26	67.8	15.7	2	2	38	84.8	18.66	2	139	-2.368414	65.41129	0.1264905	2	2	133	30.7	4.6										
1	2	27	31.2	17.9	1	2	27	34.6	10.5	1	2	27	25.6	6	1	2	27	162.9	5.9	1	2	27	21.6	11.3	1	2	27	22.8	10.2	1	2	27	72.9	25.6	1	2	27	29.9	5	1	2	27	67.8	15.7	2	2	39	84.8	18.66	2	140	-2.364069	65.5769	0.1268103	2	2	134	30.7	4.6										
1	2	28	31.2	17.9	1	2	28	34.6	10.5	1	2	28	25.6	6	1	2	28	162.9	5.9	1	2	28	21.6	11.3	1	2	28	22.8	10.2	1	2	28	72.9	25.6	1	2	28	29.9	5	1	2	28	67.8	15.7	2	2	40	88.4	18.17	2	141	-2.359686	65.74222	0.1271273	2	2	135	31.9	5.2										
1	2	29	31.2	17.9	1	2	29	34.6	10.5	1	2	29	25.6	6	1	2	29	162.9	5.9	1	2	29	21.6	11.3	1	2	29	22.8	10.2	1	2	29	72.9	25.6	1	2	29	29.9	5	1	2	29	67.8	15.7	2	2	41	88.4	18.17	2	142	-2.355266	65.90723	0.1274413	2	2	136	31.9	5.2										
1	2	30	35.3	19.3	1	2	30	37.3	11.2	1	2	30	27.3	7.1	1	2	30	162.6	6.2	1	2	30	25.2	13.1	1	2	30	25	11	1	2	30	79.7	28.2	1	2	30	31.2	5.3	1	2	30	72.1	19.1	2	2	42	88.4	18.17	2	143	-2.350808	66.07191	0.1277526	2	2	137	31.9	5.2										
1	2	31	35.3	19.3	1	2	31	37.3	11.2	1	2	31	27.3	7.1	1	2	31	162.6	6.2	1	2	31	25.2	13.1	1	2	31	25	11	1	2	31	79.7	28.2	1	2	31	31.2	5.3	1	2	31	72.1	19.1	2	2	43	88.4	18.17	2	144	-2.346311	66.23628	0.1280611	2	2	138	35.1	7.9										
1	2	32	35.3	19.3	1	2	32	37.3	11.2	1	2	32	27.3	7.1	1	2	32	162.6	6.2	1	2	32	25.2	13.1	1	2	32	25	11	1	2	32	79.7	28.2	1	2	32	31.2	5.3	1	2	32	72.1	19.1	2	2	44	88.4	18.17	2	145	-2.341775	66.40031	0.1283668	2	2	139	35.1	7.9										
1	2	33	35.3	19.3	1	2	33	37.3	11.2	1	2	33	27.3	7.1	1	2	33	162.6	6.2	1	2	33	25.2	13.1	1	2	33	25	11	1	2	33	79.7	28.2	1	2	33	31.2	5.3	1	2	33	72.1	19.1	2	2	45	88.4	18.17	2	146	-2.3372	66.564	0.12867	2	2	140	35.1	7.9										
1	2	34	35.3	19.3	1	2	34	37.3	11.2	1	2	34	27.3	7.1	1	2	34	162.6	6.2	1	2	34	25.2	13.1	1	2	34	25	11	1	2	34	79.7	28.2	1	2	34	31.2	5.3	1	2	34	72.1	19.1	2	2	46	88.4	18.17	2	147	-2.332584	66.72733	0.1289705	2	2	141	36.2	6.4										
1	2	35	39.1	20.1	1	2	35	40.2	13.8	1	2	35	28.4	6.8	1	2	35	163.2	6.3	1	2	35	26.1	11.9	1	2	35	26.6	10.7	1	2	35	86.6	30.8	1	2	35	32.5	5.7	1	2	35	75.6	18.9	2	2	47	88.4	18.17	2	148	-2.327926	66.89029	0.1292686	2	2	142	36.2	6.4										
1	2	36	39.1	20.1	1	2	36	40.2	13.8	1	2	36	28.4	6.8	1	2	36	163.2	6.3	1	2	36	26.1	11.9	1	2	36	26.6	10.7	1	2	36	86.6	30.8	1	2	36	32.5	5.7	1	2	36	75.6	18.9	2	2	48	88.4	18.17	2	149	-2.323226	67.05288	0.1295642	2	2	143	36.2	6.4										
1	2	37	39.1	20.1	1	2	37	40.2	13.8	1	2	37	28.4	6.8	1	2	37	163.2	6.3	1	2	37	26.1	11.9	1	2	37	26.6	10.7	1	2	37	86.6	30.8	1	2	37	32.5	5.7	1	2	37	75.6	18.9	2	2	49	88.4	18.17	2	150	-2.318482	67.2151	0.1298574	2	2	144	39.4	6.6										
1	2	38	39.1	20.1	1	2	38	40.2	13.8	1	2	38	28.4	6.8	1	2	38	163.2	6.3	1	2	38	26.1	11.9	1	2	38	26.6	10.7	1	2	38	86.6	30.8	1	2	38	32.5	5.7	1	2	38	75.6	18.9	2	2	50	94	18.62	2	151	-2.313693	67.37692	0.1301483	2	2	145	39.4	6.6										
1	2	39	39.1	20.1	1	2	39	40.2	13.8	1	2	39	28.4	6.8	1	2	39	163.2	6.3	1	2	39	26.1	11.9	1	2	39	26.6	10.7	1	2	39	86.6	30.8	1	2	39	32.5	5.7	1	2	39	75.6	18.9	2	2	51	94	18.62	2	152	-2.308858	67.53835	0.1304369	2	2	146	39.4	6.6										
1	2	40	39.5	19.2	1	2	40	41.5	18.6	1	2	40	28.4	6.4	1	2	40	163.4	6.4	1	2	40	27.2	12.3	1	2	40	26.8	10	1	2	40	87.6	33.5	1	2	40	32.7	5.7	1	2	40	75.9	18.5	2	2	52	94	18.62	2	153	-2.303977	67.69939	0.1307234	2	2	147	39.9	7.2										
1	2	41	39.5	19.2	1	2	41	41.5	18.6	1	2	41	28.4	6.4	1	2	41	163.4	6.4	1	2	41	27.2	12.3	1	2	41	26.8	10	1	2	41	87.6	33.5	1	2	41	32.7	5.7	1	2	41	75.9	18.5	2	2	53	94	18.62	2	154	-2.299048	67.86001	0.1310077	2	2	148	39.9	7.2										
1	2	42	39.5	19.2	1	2	42	41.5	18.6	1	2	42	28.4	6.4	1	2	42	163.4	6.4	1	2	42	27.2	12.3	1	2	42	26.8	10	1	2	42	87.6	33.5	1	2	42	32.7	5.7	1	2	42	75.9	18.5	2	2	54	94	18.62	2	155	-2.29407	68.02021	0.13129	2	2	149	39.9	7.2										
1	2	43	39.5	19.2	1	2	43	41.5	18.6	1	2	43	28.4	6.4	1	2	43	163.4	6.4	1	2	43	27.2	12.3	1	2	43	26.8	10	1	2	43	87.6	33.5	1	2	43	32.7	5.7	1	2	43	75.9	18.5	2	2	55	94	18.62	2	156	-2.289042	68.18	0.1315702															
1	2	44	39.5	19.2	1	2	44	41.5	18.6	1	2	44	28.4	6.4	1	2	44	163.4	6.4	1	2	44	27.2	12.3	1	2	44	26.8	10	1	2	44	87.6	33.5	1	2	44	32.7	5.7	1	2	44	75.9	18.5	2	2	56	94	18.62	2	157	-2.283963	68.33936	0.1318485															
1	2	45	40.6	23.4	1	2	45	41.6	15.3	1	2	45	28.9	8.2	1	2	45	161.7	6.7	1	2	45	27.8	12.9	1	2	45	27.1	11.7	1	2	45	89.8	36.8	1	2	45	33	6.2	1	2	45	75.4	20.8	2	2	57	94	18.62	2	158	-2.278833	68.4983	0.1321249															
1	2	46	40.6	23.4	1	2	46	41.6	15.3	1	2	46	28.9	8.2	1	2	46	161.7	6.7	1	2	46	27.8	12.9	1	2	46	27.1	11.7	1	2	46	89.8	36.8	1	2	46	33	6.2	1	2	46	75.4	20.8	2	2	58	94	18.62	2	159	-2.27365	68.65679	0.1323995															
1	2	47	40.6	23.4	1	2	47	41.6	15.3	1	2	47	28.9	8.2	1	2	47	161.7	6.7	1	2	47	27.8	12.9	1	2	47	27.1	11.7	1	2	47	89.8	36.8	1	2	47	33	6.2	1	2	47	75.4	20.8	2	2	59	94	18.62	2	160	-2.268413	68.81485	0.1326723															
1	2	48	40.6	23.4	1	2	48	41.6	15.3	1	2	48	28.9	8.2	1	2	48	161.7	6.7	1	2	48	27.8	12.9	1	2	48	27.1	11.7	1	2	48	89.8	36.8	1	2	48	33	6.2	1	2	48	75.4	20.8	2	2	60	94	17.05	2	161	-2.263122	68.97247	0.1329435															
1	2	49	40.6	23.4	1	2	49	41.6	15.3	1	2	49	28.9	8.2	1	2	49	161.7	6.7	1	2	49	27.8	12.9	1	2	49	27.1	11.7	1	2	49	89.8	36.8	1	2	49	33	6.2	1	2	49	75.4	20.8	2	2	61	94	17.05	2	162	-2.257776	69.12963	0.133213															
1	2	50	44	19.7	1	2	50	41.9	12.9	1	2	50	29.5	6.6	1	2	50	162.1	6.3	1	2	50	30.7	12.5	1	2	50	29.5	10.9	1	2	50	92.7	28.4	1	2	50	33.7	5.2	1	2	50	77.6	18.1	2	2	62	94	17.05	2	163	-2.252374	69.28635	0.1334809															
1	2	51	44	19.7	1	2	51	41.9	12.9	1	2	51	29.5	6.6	1	2	51	162.1	6.3	1	2	51	30.7	12.5	1	2	51	29.5	10.9	1	2	51	92.7	28.4	1	2	51	33.7	5.2	1	2	51	77.6	18.1	2	2	63	94	17.05	2	164	-2.246915	69.4426	0.1337474															
1	2	52	44	19.7	1	2	52	41.9	12.9	1	2	52	29.5	6.6	1	2	52	162.1	6.3	1	2	52	30.7	12.5	1	2	52	29.5	10.9	1	2	52	92.7	28.4	1	2	52	33.7	5.2	1	2	52	77.6	18.1	2	2	64	94	17.05	2	165	-2.241399	69.59841	0.1340125															
1	2	53	44	19.7	1	2	53	41.9	12.9	1	2	53	29.5	6.6	1	2	53	162.1	6.3	1	2	53	30.7	12.5	1	2	53	29.5	10.9	1	2	53	92.7	28.4	1	2	53	33.7	5.2	1	2	53	77.6	18.1	2	2	65	94	17.05	2	166	-2.235824	69.75376	0.1342761															
1	2	54	44	19.7	1	2	54	41.9	12.9	1	2	54	29.5	6.6	1	2	54	162.1	6.3	1	2	54	30.7	12.5	1	2	54	29.5	10.9	1	2	54	92.7	28.4	1	2	54	33.7	5.2	1	2	54	77.6	18.1	2	2	66	94	17.05	2	167	-2.230191	69.90865	0.1345385															
1	2	55	44	25.5	1	2	55	43.4	18.9	1	2	55	30.4	8.2	1	2	55	160.8	7	1	2	55	28.8	13.1	1	2	55	28.7	12	1	2	55	97	43.5	1	2	55	34.2	7	1	2	55	78.7	22.4	2	2	67	94	17.05	2	168	-2.224498	70.06307	0.1347997															
1	2	56	44	25.5	1	2	56	43.4	18.9	1	2	56	30.4	8.2	1	2	56	160.8	7	1	2	56	28.8	13.1	1	2	56	28.7	12	1	2	56	97	43.5	1	2	56	34.2	7	1	2	56	78.7	22.4	2	2	68	94	17.05	2	169	-2.218744	70.21703	0.1350596															
1	2	57	44	25.5	1	2	57	43.4	18.9	1	2	57	30.4	8.2	1	2	57	160.8	7	1	2	57	28.8	13.1	1	2	57	28.7	12	1	2	57	97	43.5	1	2	57	34.2	7	1	2	57	78.7	22.4	2	2	69	94	17.05	2	170	-2.212929	70.37054	0.1353185															
1	2	58	44	25.5	1	2	58	43.4	18.9	1	2	58	30.4	8.2	1	2	58	160.8	7	1	2	58	28.8	13.1	1	2	58	28.7	12	1	2	58	97	43.5	1	2	58	34.2	7	1	2	58	78.7	22.4	2	2	70	93.3	16.62	2	171	-2.207053	70.52357	0.1355762															
1	2	59	44	25.5	1	2	59	43.4	18.9	1	2	59	30.4	8.2	1	2	59	160.8	7	1	2	59	28.8	13.1	1	2	59	28.7	12	1	2	59	97	43.5	1	2	59	34.2	7	1	2	59	78.7	22.4	2	2	71	93.3	16.62	2	172	-2.201114	70.67613	0.135833															
1	2	60	40.7	18.3	1	2	60	40.6	12.1	1	2	60	28.9	6.1	1	2	60	160.1	6.7	1	2	60	28	12	1	2	60	27.7	10.1	1	2	60	88.3	27	1	2	60	33	5	1	2	60	74.1	16.1	2	2	72	93.3	16.62	2	173	-2.195113	70.82823	0.1360888															
1	2	61	40.7	18.3	1	2	61	40.6	12.1	1	2	61	28.9	6.1	1	2	61	160.1	6.7	1	2	61	28	12	1	2	61	27.7	10.1	1	2	61	88.3	27	1	2	61	33	5	1	2	61	74.1	16.1	2	2	73	93.3	16.62	2	174	-2.189049	70.97987	0.1363436															
1	2	62	40.7	18.3	1	2	62	40.6	12.1	1	2	62	28.9	6.1	1	2	62	160.1	6.7	1	2	62	28	12	1	2	62	27.7	10.1	1	2	62	88.3	27	1	2	62	33	5	1	2	62	74.1	16.1	2	2	74	93.3	16.62	2	175	-2.182923	71.13103	0.1365977															
1	2	63	40.7	18.3	1	2	63	40.6	12.1	1	2	63	28.9	6.1	1	2	63	160.1	6.7	1	2	63	28	12	1	2	63	27.7	10.1	1	2	63	88.3	27	1	2	63	33	5	1	2	63	74.1	16.1	2	2	75	93.3	16.62	2	176	-2.176734	71.28173	0.1368509															
1	2	64	40.7	18.3	1	2	64	40.6	12.1	1	2	64	28.9	6.1	1	2	64	160.1	6.7	1	2	64	28	12	1	2	64	27.7	10.1	1	2	64	88.3	27	1	2	64	33	5	1	2	64	74.1	16.1	2	2	76	93.3	16.62	2	177	-2.170483	71.43197	0.1371033															
1	2	65	36.8	16.9	1	2	65	40	11.9	1	2	65	28.4	5.8	1	2	65	159.1	5.9	1	2	65	25.1	11.5	1	2	65	25.6	9.6	1	2	65	83.3	24.7	1	2	65	32	4.7	1	2	65	71.8	14.8	2	2	77	93.3	16.62	2	178	-2.164168	71.58175	0.1373551															
1	2	66	36.8	16.9	1	2	66	40	11.9	1	2	66	28.4	5.8	1	2	66	159.1	5.9	1	2	66	25.1	11.5	1	2	66	25.6	9.6	1	2	66	83.3	24.7	1	2	66	32	4.7	1	2	66	71.8	14.8	2	2	78	93.3	16.62	2	179	-2.15779	71.73106	0.1376062															
1	2	67	36.8	16.9	1	2	67	40	11.9	1	2	67	28.4	5.8	1	2	67	159.1	5.9	1	2	67	25.1	11.5	1	2	67	25.6	9.6	1	2	67	83.3	24.7	1	2	67	32	4.7	1	2	67	71.8	14.8	2	2	79	93.3	16.62	2	180	-2.151346	71.87991	0.1378566															
1	2	68	36.8	16.9	1	2	68	40	11.9	1	2	68	28.4	5.8	1	2	68	159.1	5.9	1	2	68	25.1	11.5	1	2	68	25.6	9.6	1	2	68	83.3	24.7	1	2	68	32	4.7	1	2	68	71.8	14.8	2	2	80	91.8	13.23	2	181	-2.144837	72.02831	0.1381065															
1	2	69	36.8	16.9	1	2	69	40	11.9	1	2	69	28.4	5.8	1	2	69	159.1	5.9	1	2	69	25.1	11.5	1	2	69	25.6	9.6	1	2	69	83.3	24.7	1	2	69	32	4.7	1	2	69	71.8	14.8	2	2	81	91.8	13.23	2	182	-2.138262	72.17625	0.1383559															
1	2	70	33.9	15.3	1	2	70	37.6	11.3	1	2	70	27.6	5.9	1	2	70	158.4	5.8	1	2	70	22.9	10.5	1	2	70	24.3	9.3	1	2	70	78.3	22.1	1	2	70	31	4.4	1	2	70	69.5	15.8	2	2	82	91.8	13.23	2	183	-2.131619	72.32375	0.1386048															
1	2	71	33.9	15.3	1	2	71	37.6	11.3	1	2	71	27.6	5.9	1	2	71	158.4	5.8	1	2	71	22.9	10.5	1	2	71	24.3	9.3	1	2	71	78.3	22.1	1	2	71	31	4.4	1	2	71	69.5	15.8	2	2	83	91.8	13.23	2	184	-2.124908	72.47079	0.1388532															
1	2	72	33.9	15.3	1	2	72	37.6	11.3	1	2	72	27.6	5.9	1	2	72	158.4	5.8	1	2	72	22.9	10.5	1	2	72	24.3	9.3	1	2	72	78.3	22.1	1	2	72	31	4.4	1	2	72	69.5	15.8	2	2	84	91.8	13.23	2	185	-2.118129	72.61738	0.1391012															
1	2	73	33.9	15.3	1	2	73	37.6	11.3	1	2	73	27.6	5.9	1	2	73	158.4	5.8	1	2	73	22.9	10.5	1	2	73	24.3	9.3	1	2	73	78.3	22.1	1	2	73	31	4.4	1	2	73	69.5	15.8	2	2	85	91.8	13.23	2	186	-2.11128	72.76353	0.1393488															
1	2	74	33.9	15.3	1	2	74	37.6	11.3	1	2	74	27.6	5.9	1	2	74	158.4	5.8	1	2	74	22.9	10.5	1	2	74	24.3	9.3	1	2	74	78.3	22.1	1	2	74	31	4.4	1	2	74	69.5	15.8	2	2	86	91.8	13.23	2	187	-2.104362	72.90924	0.1395961															
																																													2	2	87	91.8	13.23	2	188	-2.097375	73.05451	0.1398431															
																																													2	2	88	91.8	13.23	2	189	-2.090318	73.19935	0.1400898															
																																													2	2	89	91.8	13.23	2	190	-2.08319	73.34376	0.1403363															
																																													2	2	90	91.8	13.23	2	191	-2.075991	73.48775	0.1405826															
																																													3	1	2	48.3	3.2	2	192	-2.06872	73.6313	0.1408287															
																																													3	1	3	50.9	3.8	2	193	-2.061378	73.77445	0.1410746															
																																													3	1	4	53.3	5.3	2	194	-2.053962	73.91718	0.1413204															
																																													3	1	19	83.2	10.6	2	195	-2.046474	74.0595	0.1415661															
																																													3	1	20	87.8	13.3	2	196	-2.03891	74.20142	0.1418117															
																																													3	1	21	87.8	13.3	2	197	-2.031272	74.34294	0.1420573															
																																													3	1	22	87.8	13.3	2	198	-2.023558	74.48406	0.1423028															
																																													3	1	23	87.8	13.3	2	199	-2.015768	74.6248	0.1425482															
																																													3	1	24	87.8	13.3	2	200	-2.007901	74.76515	0.1427936															
																																													3	1	25	87.8	13.3	2	201	-1.999958	74.90512	0.1430391															
																																													3	1	26	87.8	13.3	2	202	-1.991938	75.04472	0.1432845															
																																													3	1	27	87.8	13.3	2	203	-1.983842	75.18394	0.14353															
																																													3	1	28	87.8	13.3	2	204	-1.97567	75.32281	0.1437755															
																																													3	1	29	87.8	13.3	2	205	-1.967422	75.4613	0.144021															
																																													3	1	30	93.7	13.2	2	206	-1.959098	75.59946	0.1442666															
																																													3	1	31	93.7	13.2	2	207	-1.950699	75.73726	0.1445123															
																																													3	1	32	93.7	13.2	2	208	-1.942225	75.87472	0.144758															
																																													3	1	33	93.7	13.2	2	209	-1.933675	76.01184	0.1450038															
																																													3	1	34	93.7	13.2	2	210	-1.925051	76.14863	0.1452497															
																																													3	1	35	93.7	13.2	2	211	-1.916353	76.2851	0.1454956															
																																													3	1	36	93.7	13.2	2	212	-1.907581	76.42125	0.1457417															
																																													3	1	37	93.7	13.2	2	213	-1.898736	76.55709	0.1459879															
																																													3	1	38	93.7	13.2	2	214	-1.889817	76.69263	0.1462341															
																																													3	1	39	93.7	13.2	2	215	-1.880828	76.82787	0.1464805															
																																													3	1	40	99	14.4	2	216	-1.871767	76.96281	0.1467269															
																																													3	1	41	99	14.4	2	217	-1.862635	77.09747	0.1469734															
																																													3	1	42	99	14.4	2	218	-1.853434	77.23186	0.14722															
																																													3	1	43	99	14.4	2	219	-1.844164	77.36597	0.1474667															
																																													3	1	44	99	14.4	2	220	-1.834825	77.49983	0.1477136															
																																													3	1	45	99	14.4	2	221	-1.825419	77.63342	0.1479605															
																																													3	1	46	99	14.4	2	222	-1.815946	77.76677	0.1482074															
																																													3	1	47	99	14.4	2	223	-1.806407	77.89987	0.1484545															
																																													3	1	48	99	14.4	2	224	-1.796804	78.03273	0.1487018															
																																													3	1	49	99	14.4	2	225	-1.787137	78.16536	0.1489491															
																																													3	1	50	101.9	14.3	2	226	-1.777408	78.29776	0.1491966															
																																													3	1	51	101.9	14.3	2	227	-1.767617	78.42994	0.1494442															
																																													3	1	52	101.9	14.3																				
																																													3	1	53	101.9	14.3																				
																																													3	1	54	101.9	14.3																				
																																													3	1	55	101.9	14.3																				
																																													3	1	56	101.9	14.3																				
																																													3	1	57	101.9	14.3																				
																																													3	1	58	101.9	14.3																				
																																													3	1	59	101.9	14.3																				
																																													3	1	60	100.9	12																				
																																													3	1	61	100.9	12																				
																																													3	1	62	100.9	12																				
																																													3	1	63	100.9	12																				
																																													3	1	64	100.9	12																				
																																													3	1	65	100.9	12																				
																																													3	1	66	100.9	12																				
																																													3	1	67	100.9	12																				
																																													3	1	68	100.9	12																				
																																													3	1	69	100.9	12																				
																																													3	1	70	98.3	14.1																				
																																													3	1	71	98.3	14.1																				
																																													3	1	72	98.3	14.1																				
																																													3	1	73	98.3	14.1																				
																																													3	1	74	98.3	14.1																				
																																													3	1	75	98.3	14.1																				
																																													3	1	76	98.3	14.1																				
																																													3	1	77	98.3	14.1																				
																																													3	1	78	98.3	14.1																				
																																													3	1	79	98.3	14.1																				
																																													3	1	80	95.4	10.2																				
																																													3	1	81	95.4	10.2																				
																																													3	1	82	95.4	10.2																				
																																													3	1	83	95.4	10.2																				
																																													3	1	84	95.4	10.2																				
																																													3	1	85	95.4	10.2																				
																																													3	1	86	95.4	10.2																				
																																													3	1	87	95.4	10.2																				
																																													3	1	88	95.4	10.2																				
																																													3	1	89	95.4	10.2																				
																																													3	1	90	95.4	10.2																				
																																													3	2	2	48.5	3.7																				
																																													3	2	3	50.6	4.1																				
																																													3	2	4	52.3	5.6																				
																																													3	2	19	80.8	11.1																				
																																													3	2	20	84.7	16.5																				
																																													3	2	21	84.7	16.5																				
																																													3	2	22	84.7	16.5																				
																																													3	2	23	84.7	16.5																				
																																													3	2	24	84.7	16.5																				
																																													3	2	25	84.7	16.5																				
																																													3	2	26	84.7	16.5																				
																																													3	2	27	84.7	16.5																				
																																													3	2	28	84.7	16.5																				
																																													3	2	29	84.7	16.5																				
																																													3	2	30	90.6	17.9																				
																																													3	2	31	90.6	17.9																				
																																													3	2	32	90.6	17.9																				
																																													3	2	33	90.6	17.9																				
																																													3	2	34	90.6	17.9																				
																																													3	2	35	90.6	17.9																				
																																													3	2	36	90.6	17.9																				
																																													3	2	37	90.6	17.9																				
																																													3	2	38	90.6	17.9																				
																																													3	2	39	90.6	17.9																				
																																													3	2	40	95.8	15.8																				
																																													3	2	41	95.8	15.8																				
																																													3	2	42	95.8	15.8																				
																																													3	2	43	95.8	15.8																				
																																													3	2	44	95.8	15.8																				
																																													3	2	45	95.8	15.8																				
																																													3	2	46	95.8	15.8																				
																																													3	2	47	95.8	15.8																				
																																													3	2	48	95.8	15.8																				
																																													3	2	49	95.8	15.8																				
																																													3	2	50	96.3	15.4																				
																																													3	2	51	96.3	15.4																				
																																													3	2	52	96.3	15.4																				
																																													3	2	53	96.3	15.4																				
																																													3	2	54	96.3	15.4																				
																																													3	2	55	96.3	15.4																				
																																													3	2	56	96.3	15.4																				
																																													3	2	57	96.3	15.4																				
																																													3	2	58	96.3	15.4																				
																																													3	2	59	96.3	15.4																				
																																													3	2	60	99.2	17.3																				
																																													3	2	61	99.2	17.3																				
																																													3	2	62	99.2	17.3																				
																																													3	2	63	99.2	17.3																				
																																													3	2	64	99.2	17.3																				
																																													3	2	65	99.2	17.3																				
																																													3	2	66	99.2	17.3																				
																																													3	2	67	99.2	17.3																				
																																													3	2	68	99.2	17.3																				
																																													3	2	69	99.2	17.3																				
																																													3	2	70	96.7	16.5																				
																																													3	2	71	96.7	16.5																				
																																													3	2	72	96.7	16.5																				
																																													3	2	73	96.7	16.5																				
																																													3	2	74	96.7	16.5																				
																																													3	2	75	96.7	16.5																				
																																													3	2	76	96.7	16.5																				
																																													3	2	77	96.7	16.5																				
																																													3	2	78	96.7	16.5																				
																																													3	2	79	96.7	16.5																				
																																													3	2	80	90.3	13.4																				
																																													3	2	81	90.3	13.4																				
																																													3	2	82	90.3	13.4																				
																																													3	2	83	90.3	13.4																				
																																													3	2	84	90.3	13.4																				
																																													3	2	85	90.3	13.4																				
																																													3	2	86	90.3	13.4																				
																																													3	2	87	90.3	13.4																				
																																													3	2	88	90.3	13.4																				
																																													3	2	89	90.3	13.4																				
																																													3	2	90	90.3	13.4																				
