RACE_NHANES_AFA_AGE	SEX_NHANES_AFA_AGE	AGE_YEAR_NHANES_AFA_AGE	MEAN_NHANES_AFA_AGE	SD_NHANES_AFA_AGE	RACE_NHANES_AMA_AGE	SEX_NHANES_AMA_AGE	AGE_YEAR_NHANES_AMA_AGE	MEAN_NHANES_AMA_AGE	SD_NHANES_AMA_AGE	RACE_NHANES_BMI_AGE	SEX_NHANES_BMI_AGE	AGE_YEAR_NHANES_BMI_AGE	MEAN_NHANES_BMI_AGE	SD_NHANES_BMI_AGE	RACE_NHANES_HT_AGE	SEX_NHANES_HT_AGE	AGE_YEAR_NHANES_HT_AGE	MEAN_NHANES_HT_AGE	SD_NHANES_HT_AGE	RACE_NHANES_SSSF_AGE	SEX_NHANES_SSSF_AGE	AGE_YEAR_NHANES_SSSF_AGE	MEAN_NHANES_SSSF_AGE	SD_NHANES_SSSF_AGE	RACE_NHANES_TSF_AGE	SEX_NHANES_TSF_AGE	AGE_YEAR_NHANES_TSF_AGE	MEAN_NHANES_TSF_AGE	SD_NHANES_TSF_AGE	RACE_NHANES_UAA_AGE	SEX_NHANES_UAA_AGE	AGE_YEAR_NHANES_UAA_AGE	MEAN_NHANES_UAA_AGE	SD_NHANES_UAA_AGE	RACE_NHANES_UAC_AGE	SEX_NHANES_UAC_AGE	AGE_YEAR_NHANES_UAC_AGE	MEAN_NHANES_UAC_AGE	SD_NHANES_UAC_AGE	RACE_NHANES_WT_AGE	SEX_NHANES_WT_AGE	AGE_YEAR_NHANES_WT_AGE	MEAN_NHANES_WT_AGE	SD_NHANES_WT_AGE	RACE_NHANES_UC_AGE	SEX_NHANES_UC_AGE	AGE_YEAR_NHANES_UC_AGE	MEAN_NHANES_UC_AGE	SD_NHANES_UC_AGE	RACE_NHANES_WT_FOR_HT1	SEX_NHANES_WT_FOR_HT1	HEIGHT_NHANES_WT_FOR_HT1	MEAN_NHANES_WT_FOR_HT1	SD_NHANES_WT_FOR_HT1	RACE_NHANES_WT_FOR_HT2	SEX_NHANES_WT_FOR_HT2	HEIGHT_NHANES_WT_FOR_HT2	MEAN_NHANES_WT_FOR_HT2	SD_NHANES_WT_FOR_HT2	RACE_NHANES_WT_FOR_HT3	SEX_NHANES_WT_FOR_HT3	HEIGHT_NHANES_WT_FOR_HT3	MEAN_NHANES_WT_FOR_HT3	SD_NHANES_WT_FOR_HT3
2	1	1	7.6	2.2	2	1	1	13.1	2.3	2	1	1	17.3	2.6	2	1	1	82.5	5	2	1	1	6.3	1.9	2	1	1	10.5	2.8	2	1	1	20.7	3.2	2	1	1	16.1	1.2	2	1	1	11.8	1.7	1	1	2	46.4	1.5	1	1	84	12.3	1.2	1	1	150	41.2	4.9	1	1	156	64.1	12.3
2	1	2	7.5	2.3	2	1	2	14.1	3.5	2	1	2	16.2	1.3	2	1	2	91.7	4.2	2	1	2	5.8	2	2	1	2	10.1	2.8	2	1	2	21.7	4.4	2	1	2	16.4	1.5	2	1	2	13.6	1.7	1	1	3	48.3	1.7	1	1	85	12.3	1.2	1	1	151	41.2	4.9	1	1	157	64.1	12.3
2	1	3	7.8	2.4	2	1	3	15.2	3.2	2	1	3	16	1.3	2	1	3	99.1	4.5	2	1	3	5.5	1.8	2	1	3	10.1	2.7	2	1	3	22.9	4.3	2	1	3	16.9	1.5	2	1	3	15.7	2	1	1	4	50.1	2	1	1	86	12.3	1.2	1	1	152	41.2	4.9	1	1	158	64.1	12.3
2	1	4	7.6	2.5	2	1	4	16.3	2.7	2	1	4	15.8	1.4	2	1	4	105.7	4.8	2	1	4	5.3	2	2	1	4	9.6	2.7	2	1	4	23.8	3.9	2	1	4	17.3	1.4	2	1	4	17.7	2.4	1	1	5	52	2.2	1	1	87	12.8	1	1	1	153	43.7	5.5	1	1	159	64.2	14.2
2	1	5	7.6	3	2	1	5	17.6	3.9	2	1	5	15.6	1.5	2	1	5	112.3	5.1	2	1	5	5.2	2.3	2	1	5	9.3	3	2	1	5	25.3	5.7	2	1	5	17.7	1.8	2	1	5	19.8	2.9	1	1	6	53.9	2.4	1	1	88	12.8	1	1	1	154	43.7	5.5	1	1	160	64.2	14.2
2	1	6	8	4	2	1	6	19	3.8	2	1	6	15.8	1.8	2	1	6	119.1	5.4	2	1	6	5.6	3.3	2	1	6	9.3	3.6	2	1	6	27	6.7	2	1	6	18.3	2.1	2	1	6	22.5	3.7	1	1	7	55.7	2.7	1	1	89	12.8	1	1	1	155	43.7	5.5	1	1	161	64.2	14.2
2	1	7	8.6	4.1	2	1	7	20.8	4.2	2	1	7	16.1	1.8	2	1	7	125.2	5.6	2	1	7	5.9	3.4	2	1	7	9.6	4	2	1	7	29.4	6.4	2	1	7	19.1	2	2	1	7	25.3	4.2	1	1	8	57.6	3	1	1	90	13.5	1.3	1	1	156	47.5	8.9	1	1	162	67.3	10.9
2	1	8	9.3	5	2	1	8	22.1	4.4	2	1	8	16.4	2.2	2	1	8	129.5	6.2	2	1	8	6	3.9	2	1	8	9.9	4.3	2	1	8	31.3	8	2	1	8	19.7	2.3	2	1	8	27.6	5.3	1	1	9	59.4	3.2	1	1	91	13.5	1.3	1	1	157	47.5	8.9	1	1	163	67.3	10.9
2	1	9	11	6.5	2	1	9	24.4	5.1	2	1	9	17	2.5	2	1	9	135.9	5.8	2	1	9	7.1	5.1	2	1	9	11.1	5.3	2	1	9	35.4	9.9	2	1	9	20.9	2.8	2	1	9	31.7	6.5	1	1	10	61.3	3.5	1	1	92	13.5	1.3	1	1	158	47.5	8.9	1	1	164	67.3	10.9
2	1	10	12.5	7.2	2	1	10	26.6	6.1	2	1	10	17.7	2.8	2	1	10	140.9	6.7	2	1	10	7.7	5.4	2	1	10	12	5.7	2	1	10	39.1	11.3	2	1	10	22	3	2	1	10	35.5	7.7	1	1	11	63.2	3.7	1	1	93	14.3	1.2	1	1	159	47.9	5.6	1	1	165	70.6	13.6
2	1	11	14.5	9.7	2	1	11	28.6	6.7	2	1	11	18.6	3.8	2	1	11	146.1	7.3	2	1	11	9.3	8.1	2	1	11	13.2	7.1	2	1	11	43.1	14.1	2	1	11	23	3.5	2	1	11	40	10.2	1	1	12	65	4	1	1	94	14.3	1.2	1	1	160	47.9	5.6	1	1	166	70.6	13.6
2	1	12	14.5	9.1	2	1	12	31.7	7.1	2	1	12	19	3.4	2	1	12	152.4	7.8	2	1	12	9.1	7.1	2	1	12	12.8	6.7	2	1	12	46.3	13.4	2	1	12	23.9	3.3	2	1	12	44.5	10.1	1	1	13	66.9	4.2	1	1	95	14.3	1.2	1	1	161	47.9	5.6	1	1	167	70.6	13.6
2	1	13	14.1	9.7	2	1	13	36.5	8.2	2	1	13	19.8	3.7	2	1	13	159.3	8.6	2	1	13	9.3	7.6	2	1	13	11.9	7	2	1	13	50.6	13.8	2	1	13	25	3.3	2	1	13	50.7	12	1	1	14	68.7	4.5	1	1	96	15.1	1.6	1	1	162	55.9	8.3	1	1	168	71.6	12.2
2	1	14	14.3	10.9	2	1	14	42.2	9	2	1	14	20.4	3.5	2	1	14	167.4	8	2	1	14	9.4	6.9	2	1	14	11.1	6.9	2	1	14	56.5	16.5	2	1	14	26.4	3.5	2	1	14	57.6	12.3	1	1	15	70.6	4.7	1	1	97	15.1	1.6	1	1	163	55.9	8.3	1	1	169	71.6	12.2
2	1	15	12.9	8.8	2	1	15	46.3	9.4	2	1	15	20.7	3.1	2	1	15	170.9	7.5	2	1	15	9.2	6.5	2	1	15	10	6.5	2	1	15	59.8	14.8	2	1	15	27.2	3.2	2	1	15	60.7	11.3	1	1	16	72.5	4.9	1	1	98	15.1	1.6	1	1	164	55.9	8.3	1	1	170	71.6	12.2
2	1	16	14.5	9.8	2	1	16	51.9	10.1	2	1	16	21.9	3.4	2	1	16	174.7	7	2	1	16	10.2	6.5	2	1	16	10.4	6.1	2	1	16	66.4	15.9	2	1	16	28.7	3.3	2	1	16	67	12.3	1	1	17	74.3	5.2	1	1	99	15.9	1.2	1	1	165	56.8	8.1	1	1	171	74.6	14.9
2	1	17	13.3	8.6	2	1	17	54.9	10.6	2	1	17	21.9	3.4	2	1	17	175.8	6.7	2	1	17	10.1	5.7	2	1	17	9.3	5.2	2	1	17	68.4	16.5	2	1	17	29.1	3.3	2	1	17	68	11.9	1	1	18	76.2	5.4	1	1	100	15.9	1.2	1	1	166	56.8	8.1	1	1	172	74.6	14.9
2	1	18	17.3	10.5	2	1	18	50.5	11.4	2	1	18	23.7	3.7	2	1	18	176.9	7	2	1	18	13.5	7.5	2	1	18	11.6	6.3	2	1	18	77.9	17.3	2	1	18	31.1	3.4	2	1	18	74.3	13	1	1	19	78.1	5.7	1	1	101	15.9	1.2	1	1	167	56.8	8.1	1	1	173	74.6	14.9
2	1	19	17.3	10.5	2	1	19	50.5	11.4	2	1	19	23.7	3.7	2	1	19	176.9	7	2	1	19	13.5	7.5	2	1	19	11.6	6.3	2	1	19	77.9	17.3	2	1	19	31.1	3.4	2	1	19	74.3	13	1	1	20	84	7.7	1	1	102	16.7	1.5	1	1	168	62.6	13.2	1	1	174	77.9	15.2
2	1	20	17.3	10.5	2	1	20	50.5	11.4	2	1	20	23.7	3.7	2	1	20	176.9	7	2	1	20	13.5	7.5	2	1	20	11.6	6.3	2	1	20	77.9	17.3	2	1	20	31.1	3.4	2	1	20	74.3	13	1	1	21	84	7.7	1	1	103	16.7	1.5	1	1	169	62.6	13.2	1	1	175	77.9	15.2
2	1	21	17.3	10.5	2	1	21	50.5	11.4	2	1	21	23.7	3.7	2	1	21	176.9	7	2	1	21	13.5	7.5	2	1	21	11.6	6.3	2	1	21	77.9	17.3	2	1	21	31.1	3.4	2	1	21	74.3	13	1	1	22	84	7.7	1	1	104	16.7	1.5	1	1	170	62.6	13.2	1	1	176	77.9	15.2
2	1	22	17.3	10.5	2	1	22	50.5	11.4	2	1	22	23.7	3.7	2	1	22	176.9	7	2	1	22	13.5	7.5	2	1	22	11.6	6.3	2	1	22	77.9	17.3	2	1	22	31.1	3.4	2	1	22	74.3	13	1	1	23	84	7.7	1	1	105	17.5	1.3	1	1	171	62.1	6.9	1	1	177	79.7	16
2	1	23	17.3	10.5	2	1	23	50.5	11.4	2	1	23	23.7	3.7	2	1	23	176.9	7	2	1	23	13.5	7.5	2	1	23	11.6	6.3	2	1	23	77.9	17.3	2	1	23	31.1	3.4	2	1	23	74.3	13	1	1	24	84	7.7	1	1	106	17.5	1.3	1	1	172	62.1	6.9	1	1	178	79.7	16
2	1	24	17.3	10.5	2	1	24	50.5	11.4	2	1	24	23.7	3.7	2	1	24	176.9	7	2	1	24	13.5	7.5	2	1	24	11.6	6.3	2	1	24	77.9	17.3	2	1	24	31.1	3.4	2	1	24	74.3	13	1	1	25	84	7.7	1	1	107	17.5	1.3	1	1	173	62.1	6.9	1	1	179	79.7	16
2	1	25	19.2	11.1	2	1	25	53.8	11.7	2	1	25	25	4.1	2	1	25	177	6.9	2	1	25	15.6	8	2	1	25	12.5	6.5	2	1	25	83.1	17.8	2	1	25	32.1	3.4	2	1	25	78.3	14	1	1	26	84	7.7	1	1	108	18.8	1.3	1	1	174	67.3	12	1	1	180	84.1	16.6
2	1	26	19.2	11.1	2	1	26	53.8	11.7	2	1	26	25	4.1	2	1	26	177	6.9	2	1	26	15.6	8	2	1	26	12.5	6.5	2	1	26	83.1	17.8	2	1	26	32.1	3.4	2	1	26	78.3	14	1	1	27	84	7.7	1	1	109	18.8	1.3	1	1	175	67.3	12	1	1	181	84.1	16.6
2	1	27	19.2	11.1	2	1	27	53.8	11.7	2	1	27	25	4.1	2	1	27	177	6.9	2	1	27	15.6	8	2	1	27	12.5	6.5	2	1	27	83.1	17.8	2	1	27	32.1	3.4	2	1	27	78.3	14	1	1	28	84	7.7	1	1	110	18.8	1.3	1	1	176	67.3	12	1	1	182	84.1	16.6
2	1	28	19.2	11.1	2	1	28	53.8	11.7	2	1	28	25	4.1	2	1	28	177	6.9	2	1	28	15.6	8	2	1	28	12.5	6.5	2	1	28	83.1	17.8	2	1	28	32.1	3.4	2	1	28	78.3	14	1	1	29	84	7.7	1	1	111	19.8	2	1	1	177	66.8	7.3	1	1	183	84	16
2	1	29	19.2	11.1	2	1	29	53.8	11.7	2	1	29	25	4.1	2	1	29	177	6.9	2	1	29	15.6	8	2	1	29	12.5	6.5	2	1	29	83.1	17.8	2	1	29	32.1	3.4	2	1	29	78.3	14	1	2	2	46	1.2	1	1	112	19.8	2	1	1	178	66.8	7.3	1	1	184	84	16
2	1	30	20.8	11	2	1	30	55.2	11.4	2	1	30	25.7	3.9	2	1	30	176.5	6.8	2	1	30	17.3	8.2	2	1	30	13.4	6.5	2	1	30	86.1	17.1	2	1	30	32.7	3.2	2	1	30	80.1	13.5	1	2	3	48.1	1.8	1	1	113	19.8	2	1	1	179	66.8	7.3	1	1	185	84	16
2	1	31	20.8	11	2	1	31	55.2	11.4	2	1	31	25.7	3.9	2	1	31	176.5	6.8	2	1	31	17.3	8.2	2	1	31	13.4	6.5	2	1	31	86.1	17.1	2	1	31	32.7	3.2	2	1	31	80.1	13.5	1	2	4	50.2	2.3	1	1	114	21.1	2.7	1	2	147	44.5	14.3	1	1	186	90.2	19.1
2	1	32	20.8	11	2	1	32	55.2	11.4	2	1	32	25.7	3.9	2	1	32	176.5	6.8	2	1	32	17.3	8.2	2	1	32	13.4	6.5	2	1	32	86.1	17.1	2	1	32	32.7	3.2	2	1	32	80.1	13.5	1	2	5	52.3	2.8	1	1	115	21.1	2.7	1	2	148	44.5	14.3	1	1	187	90.2	19.1
2	1	33	20.8	11	2	1	33	55.2	11.4	2	1	33	25.7	3.9	2	1	33	176.5	6.8	2	1	33	17.3	8.2	2	1	33	13.4	6.5	2	1	33	86.1	17.1	2	1	33	32.7	3.2	2	1	33	80.1	13.5	1	2	6	54.5	3.2	1	1	116	21.1	2.7	1	2	149	44.5	14.3	1	1	188	90.2	19.1
2	1	34	20.8	11	2	1	34	55.2	11.4	2	1	34	25.7	3.9	2	1	34	176.5	6.8	2	1	34	17.3	8.2	2	1	34	13.4	6.5	2	1	34	86.1	17.1	2	1	34	32.7	3.2	2	1	34	80.1	13.5	1	2	7	56.6	3.7	1	1	117	21.3	1.8	1	2	150	48.9	11.4	1	2	144	58.1	15.9
2	1	35	20.4	10	2	1	35	56.3	11.9	2	1	35	25.9	3.8	2	1	35	176.4	7.1	2	1	35	17.4	8	2	1	35	13.1	6	2	1	35	86.7	16.7	2	1	35	32.9	3.2	2	1	35	80.6	13	1	2	8	58.7	4.3	1	1	118	21.3	1.8	1	2	151	48.9	11.4	1	2	145	58.1	15.9
2	1	36	20.4	10	2	1	36	56.3	11.9	2	1	36	25.9	3.8	2	1	36	176.4	7.1	2	1	36	17.4	8	2	1	36	13.1	6	2	1	36	86.7	16.7	2	1	36	32.9	3.2	2	1	36	80.6	13	1	2	9	60.9	4.8	1	1	119	21.3	1.8	1	2	152	48.9	11.4	1	2	146	58.1	15.9
2	1	37	20.4	10	2	1	37	56.3	11.9	2	1	37	25.9	3.8	2	1	37	176.4	7.1	2	1	37	17.4	8	2	1	37	13.1	6	2	1	37	86.7	16.7	2	1	37	32.9	3.2	2	1	37	80.6	13	1	2	10	63	5.3	1	1	120	22.9	2.6	1	2	153	51	10.8	1	2	147	63.9	14.7
2	1	38	20.4	10	2	1	38	56.3	11.9	2	1	38	25.9	3.8	2	1	38	176.4	7.1	2	1	38	17.4	8	2	1	38	13.1	6	2	1	38	86.7	16.7	2	1	38	32.9	3.2	2	1	38	80.6	13	1	2	11	65.1	5.8	1	1	121	22.9	2.6	1	2	154	51	10.8	1	2	148	63.9	14.7
2	1	39	20.4	10	2	1	39	56.3	11.9	2	1	39	25.9	3.8	2	1	39	176.4	7.1	2	1	39	17.4	8	2	1	39	13.1	6	2	1	39	86.7	16.7	2	1	39	32.9	3.2	2	1	39	80.6	13	1	2	12	67.3	6.2	1	1	122	22.9	2.6	1	2	155	51	10.8	1	2	149	63.9	14.7
2	1	40	20.6	11	2	1	40	56.3	11.2	2	1	40	26.2	3.9	2	1	40	176.2	6.6	2	1	40	17.3	8	2	1	40	13.2	6.4	2	1	40	87	16.5	2	1	40	32.9	3.1	2	1	40	81.4	13.5	1	2	13	69.4	6.8	1	1	123	25.5	3.1	1	2	156	52.8	12.8	1	2	150	65.4	13.6
2	1	41	20.6	11	2	1	41	56.3	11.2	2	1	41	26.2	3.9	2	1	41	176.2	6.6	2	1	41	17.3	8	2	1	41	13.2	6.4	2	1	41	87	16.5	2	1	41	32.9	3.1	2	1	41	81.4	13.5	1	2	14	71.5	7.3	1	1	124	25.5	3.1	1	2	157	52.8	12.8	1	2	151	65.4	13.6
2	1	42	20.6	11	2	1	42	56.3	11.2	2	1	42	26.2	3.9	2	1	42	176.2	6.6	2	1	42	17.3	8	2	1	42	13.2	6.4	2	1	42	87	16.5	2	1	42	32.9	3.1	2	1	42	81.4	13.5	1	2	15	73.6	7.8	1	1	125	25.5	3.1	1	2	158	52.8	12.8	1	2	152	65.4	13.6
2	1	43	20.6	11	2	1	43	56.3	11.2	2	1	43	26.2	3.9	2	1	43	176.2	6.6	2	1	43	17.3	8	2	1	43	13.2	6.4	2	1	43	87	16.5	2	1	43	32.9	3.1	2	1	43	81.4	13.5	1	2	16	75.8	8.2	1	1	126	26	2.7	1	2	159	56	12.8	1	2	153	68.3	15.7
2	1	44	20.6	11	2	1	44	56.3	11.2	2	1	44	26.2	3.9	2	1	44	176.2	6.6	2	1	44	17.3	8	2	1	44	13.2	6.4	2	1	44	87	16.5	2	1	44	32.9	3.1	2	1	44	81.4	13.5	1	2	17	77.9	8.7	1	1	127	26	2.7	1	2	160	56	12.8	1	2	154	68.3	15.7
2	1	45	20.4	10.7	2	1	45	55.6	12	2	1	45	26.3	4.1	2	1	45	175.2	7	2	1	45	18.2	8.2	2	1	45	13.1	6.2	2	1	45	86.1	17.3	2	1	45	32.7	3.3	2	1	45	80.9	13.6	1	2	18	80	9.3	1	1	128	26	2.7	1	2	161	56	12.8	1	2	155	68.3	15.7
2	1	46	20.4	10.7	2	1	46	55.6	12	2	1	46	26.3	4.1	2	1	46	175.2	7	2	1	46	18.2	8.2	2	1	46	13.1	6.2	2	1	46	86.1	17.3	2	1	46	32.7	3.3	2	1	46	80.9	13.6	1	2	19	82.2	9.7	1	1	129	27	2.4	1	2	162	59.6	12.2	1	2	156	69.3	18.1
2	1	47	20.4	10.7	2	1	47	55.6	12	2	1	47	26.3	4.1	2	1	47	175.2	7	2	1	47	18.2	8.2	2	1	47	13.1	6.2	2	1	47	86.1	17.3	2	1	47	32.7	3.3	2	1	47	80.9	13.6	1	2	20	81.9	8.5	1	1	130	27	2.4	1	2	163	59.6	12.2	1	2	157	69.3	18.1
2	1	48	20.4	10.7	2	1	48	55.6	12	2	1	48	26.3	4.1	2	1	48	175.2	7	2	1	48	18.2	8.2	2	1	48	13.1	6.2	2	1	48	86.1	17.3	2	1	48	32.7	3.3	2	1	48	80.9	13.6	1	2	21	81.9	8.5	1	1	131	27	2.4	1	2	164	59.6	12.2	1	2	158	69.3	18.1
2	1	49	20.4	10.7	2	1	49	55.6	12	2	1	49	26.3	4.1	2	1	49	175.2	7	2	1	49	18.2	8.2	2	1	49	13.1	6.2	2	1	49	86.1	17.3	2	1	49	32.7	3.3	2	1	49	80.9	13.6	1	2	22	81.9	8.5	1	1	132	28.8	3.6	1	2	165	59.7	11.2	1	2	159	69.5	17
2	1	50	19.6	10.1	2	1	50	54.3	11.6	2	1	50	26	4.1	2	1	50	174.8	6.5	2	1	50	17.7	8.1	2	1	50	12.8	6	2	1	50	84	16.7	2	1	50	32.3	3.2	2	1	50	79.6	13.6	1	2	23	81.9	8.5	1	1	133	28.8	3.6	1	2	166	59.7	11.2	1	2	160	69.5	17
2	1	51	19.6	10.1	2	1	51	54.3	11.6	2	1	51	26	4.1	2	1	51	174.8	6.5	2	1	51	17.7	8.1	2	1	51	12.8	6	2	1	51	84	16.7	2	1	51	32.3	3.2	2	1	51	79.6	13.6	1	2	24	81.9	8.5	1	1	134	28.8	3.6	1	2	167	59.7	11.2	1	2	161	69.5	17
2	1	52	19.6	10.1	2	1	52	54.3	11.6	2	1	52	26	4.1	2	1	52	174.8	6.5	2	1	52	17.7	8.1	2	1	52	12.8	6	2	1	52	84	16.7	2	1	52	32.3	3.2	2	1	52	79.6	13.6	1	2	25	81.9	8.5	1	1	135	30.3	4	1	2	168	63.3	13.8	1	2	162	72.5	17.2
2	1	53	19.6	10.1	2	1	53	54.3	11.6	2	1	53	26	4.1	2	1	53	174.8	6.5	2	1	53	17.7	8.1	2	1	53	12.8	6	2	1	53	84	16.7	2	1	53	32.3	3.2	2	1	53	79.6	13.6	1	2	26	81.9	8.5	1	1	136	30.3	4	1	2	169	63.3	13.8	1	2	163	72.5	17.2
2	1	54	19.6	10.1	2	1	54	54.3	11.6	2	1	54	26	4.1	2	1	54	174.8	6.5	2	1	54	17.7	8.1	2	1	54	12.8	6	2	1	54	84	16.7	2	1	54	32.3	3.2	2	1	54	79.6	13.6	1	2	27	81.9	8.5	1	1	137	30.3	4	1	2	170	63.3	13.8	1	2	164	72.5	17.2
2	1	55	19.3	9.6	2	1	55	54.2	11.4	2	1	55	26.2	4.1	2	1	55	174	6.7	2	1	55	17.6	7.8	2	1	55	12.6	5.7	2	1	55	83.6	16.4	2	1	55	32.2	3.2	2	1	55	79.5	13.3	1	2	28	81.9	8.5	1	1	138	33.1	5.2	2	1	144	38.4	5.7	1	2	165	73.2	18.5
2	1	56	19.3	9.6	2	1	56	54.2	11.4	2	1	56	26.2	4.1	2	1	56	174	6.7	2	1	56	17.6	7.8	2	1	56	12.6	5.7	2	1	56	83.6	16.4	2	1	56	32.2	3.2	2	1	56	79.5	13.3	1	2	29	81.9	8.5	1	1	139	33.1	5.2	2	1	145	38.4	5.7	1	2	166	73.2	18.5
2	1	57	19.3	9.6	2	1	57	54.2	11.4	2	1	57	26.2	4.1	2	1	57	174	6.7	2	1	57	17.6	7.8	2	1	57	12.6	5.7	2	1	57	83.6	16.4	2	1	57	32.2	3.2	2	1	57	79.5	13.3	2	1	2	47.1	1.1	1	1	140	33.1	5.2	2	1	146	38.4	5.7	1	2	167	73.2	18.5
2	1	58	19.3	9.6	2	1	58	54.2	11.4	2	1	58	26.2	4.1	2	1	58	174	6.7	2	1	58	17.6	7.8	2	1	58	12.6	5.7	2	1	58	83.6	16.4	2	1	58	32.2	3.2	2	1	58	79.5	13.3	2	1	3	49.2	1.4	1	1	141	34.7	4.4	2	1	147	41.4	7.6	1	2	168	76.5	18.8
2	1	59	19.3	9.6	2	1	59	54.2	11.4	2	1	59	26.2	4.1	2	1	59	174	6.7	2	1	59	17.6	7.8	2	1	59	12.6	5.7	2	1	59	83.6	16.4	2	1	59	32.2	3.2	2	1	59	79.5	13.3	2	1	4	51.3	1.8	1	1	142	34.7	4.4	2	1	148	41.4	7.6	1	2	169	76.5	18.8
2	1	60	19.2	10	2	1	60	52.6	11.6	2	1	60	25.8	3.8	2	1	60	173	6.6	2	1	60	18.1	8.3	2	1	60	12.6	5.9	2	1	60	81.9	17.2	2	1	60	31.9	3.3	2	1	60	77.4	12.9	2	1	5	53.3	2.3	1	1	143	34.7	4.4	2	1	149	41.4	7.6	1	2	170	76.5	18.8
2	1	61	19.2	10	2	1	61	52.6	11.6	2	1	61	25.8	3.8	2	1	61	173	6.6	2	1	61	18.1	8.3	2	1	61	12.6	5.9	2	1	61	81.9	17.2	2	1	61	31.9	3.3	2	1	61	77.4	12.9	2	1	6	55.4	2.7	1	1	144	36.7	2.8	2	1	150	44	6.9	1	2	171	78	18.4
2	1	62	19.2	10	2	1	62	52.6	11.6	2	1	62	25.8	3.8	2	1	62	173	6.6	2	1	62	18.1	8.3	2	1	62	12.6	5.9	2	1	62	81.9	17.2	2	1	62	31.9	3.3	2	1	62	77.4	12.9	2	1	7	57.5	3	1	1	145	36.7	2.8	2	1	151	44	6.9	1	2	172	78	18.4
2	1	63	19.2	10	2	1	63	52.6	11.6	2	1	63	25.8	3.8	2	1	63	173	6.6	2	1	63	18.1	8.3	2	1	63	12.6	5.9	2	1	63	81.9	17.2	2	1	63	31.9	3.3	2	1	63	77.4	12.9	2	1	8	59.6	3.4	1	1	146	36.7	2.8	2	1	152	44	6.9	1	2	173	78	18.4
2	1	64	19.2	10	2	1	64	52.6	11.6	2	1	64	25.8	3.8	2	1	64	173	6.6	2	1	64	18.1	8.3	2	1	64	12.6	5.9	2	1	64	81.9	17.2	2	1	64	31.9	3.3	2	1	64	77.4	12.9	2	1	9	61.7	3.8	1	1	147	41	7	2	1	153	46.3	8.1	1	2	174	80.7	22.4
2	1	65	18.4	9.5	2	1	65	49.3	11.1	2	1	65	25.6	3.9	2	1	65	171.8	6.8	2	1	65	16.9	8	2	1	65	12.4	5.8	2	1	65	77.7	16.5	2	1	65	31.1	3.3	2	1	65	75.6	12.7	2	1	10	63.7	4.2	1	1	148	41	7	2	1	154	46.3	8.1	1	2	175	80.7	22.4
2	1	66	18.4	9.5	2	1	66	49.3	11.1	2	1	66	25.6	3.9	2	1	66	171.8	6.8	2	1	66	16.9	8	2	1	66	12.4	5.8	2	1	66	77.7	16.5	2	1	66	31.1	3.3	2	1	66	75.6	12.7	2	1	11	65.8	4.6	1	1	149	41	7	2	1	155	46.3	8.1	1	2	176	80.7	22.4
2	1	67	18.4	9.5	2	1	67	49.3	11.1	2	1	67	25.6	3.9	2	1	67	171.8	6.8	2	1	67	16.9	8	2	1	67	12.4	5.8	2	1	67	77.7	16.5	2	1	67	31.1	3.3	2	1	67	75.6	12.7	2	1	12	67.9	5	1	2	84	11.9	1	2	1	156	48.9	9.4	2	1	153	62.8	9.8
2	1	68	18.4	9.5	2	1	68	49.3	11.1	2	1	68	25.6	3.9	2	1	68	171.8	6.8	2	1	68	16.9	8	2	1	68	12.4	5.8	2	1	68	77.7	16.5	2	1	68	31.1	3.3	2	1	68	75.6	12.7	2	1	13	70	5.4	1	2	85	11.9	1	2	1	157	48.9	9.4	2	1	154	62.8	9.8
2	1	69	18.4	9.5	2	1	69	49.3	11.1	2	1	69	25.6	3.9	2	1	69	171.8	6.8	2	1	69	16.9	8	2	1	69	12.4	5.8	2	1	69	77.7	16.5	2	1	69	31.1	3.3	2	1	69	75.6	12.7	2	1	14	72.1	5.8	1	2	86	11.9	1	2	1	158	48.9	9.4	2	1	155	62.8	9.8
2	1	70	18.1	9.3	2	1	70	47.4	11.1	2	1	70	25.4	3.9	2	1	70	170.6	6.8	2	1	70	16.4	7.6	2	1	70	12.4	5.7	2	1	70	75.5	16.1	2	1	70	30.6	3.3	2	1	70	74.1	12.4	2	1	15	74.1	6.3	1	2	87	12.6	1.8	2	1	159	51.9	9.9	2	1	156	66.9	11.1
2	1	71	18.1	9.3	2	1	71	47.4	11.1	2	1	71	25.4	3.9	2	1	71	170.6	6.8	2	1	71	16.4	7.6	2	1	71	12.4	5.7	2	1	71	75.5	16.1	2	1	71	30.6	3.3	2	1	71	74.1	12.4	2	1	16	76.2	6.6	1	2	88	12.6	1.8	2	1	160	51.9	9.9	2	1	157	66.9	11.1
2	1	72	18.1	9.3	2	1	72	47.4	11.1	2	1	72	25.4	3.9	2	1	72	170.6	6.8	2	1	72	16.4	7.6	2	1	72	12.4	5.7	2	1	72	75.5	16.1	2	1	72	30.6	3.3	2	1	72	74.1	12.4	2	1	17	78.3	7	1	2	89	12.6	1.8	2	1	161	51.9	9.9	2	1	158	66.9	11.1
2	1	73	18.1	9.3	2	1	73	47.4	11.1	2	1	73	25.4	3.9	2	1	73	170.6	6.8	2	1	73	16.4	7.6	2	1	73	12.4	5.7	2	1	73	75.5	16.1	2	1	73	30.6	3.3	2	1	73	74.1	12.4	2	1	18	80.4	7.3	1	2	90	13.1	1.1	2	1	162	54.4	9	2	1	159	67.5	10
2	1	74	18.1	9.3	2	1	74	47.4	11.1	2	1	74	25.4	3.9	2	1	74	170.6	6.8	2	1	74	16.4	7.6	2	1	74	12.4	5.7	2	1	74	75.5	16.1	2	1	74	30.6	3.3	2	1	74	74.1	12.4	2	1	19	82.5	7.8	1	2	91	13.1	1.1	2	1	163	54.4	9	2	1	160	67.5	10
2	2	1	7.4	2.4	2	2	1	12.4	2.2	2	2	1	16.8	1.6	2	2	1	80.5	4.9	2	2	1	6.4	2	2	2	1	10.5	3.1	2	2	1	19.8	3.2	2	2	1	15.7	1.3	2	2	1	10.9	1.4	2	1	20	86.1	5.9	1	2	92	13.1	1.1	2	1	164	54.4	9	2	1	161	67.5	10
2	2	2	7.8	2.4	2	2	2	13.3	2.2	2	2	2	16	1.4	2	2	2	90.2	4.4	2	2	2	6.3	2.1	2	2	2	10.7	2.9	2	2	2	21.1	3.4	2	2	2	16.2	1.3	2	2	2	13	1.6	2	1	21	86.1	5.9	1	2	93	13.7	1.1	2	1	165	57.5	9.7	2	1	162	68.4	10.4
2	2	3	8	2.4	2	2	3	14.3	2.5	2	2	3	15.7	1.3	2	2	3	97.5	4.5	2	2	3	6.2	2.2	2	2	3	10.6	2.8	2	2	3	22.3	3.7	2	2	3	16.7	1.4	2	2	3	15	2	2	1	22	86.1	5.9	1	2	94	13.7	1.1	2	1	166	57.5	9.7	2	1	163	68.4	10.4
2	2	4	8.1	2.4	2	2	4	15.3	2.9	2	2	4	15.5	1.3	2	2	4	104.5	4.8	2	2	4	6	2.1	2	2	4	10.5	2.9	2	2	4	23.4	3.8	2	2	4	17.1	1.4	2	2	4	16.9	2.2	2	1	23	86.1	5.9	1	2	95	13.7	1.1	2	1	167	57.5	9.7	2	1	164	68.4	10.4
2	2	5	8.7	3.2	2	2	5	16.6	3	2	2	5	15.5	1.6	2	2	5	111.5	5.2	2	2	5	6.2	2.9	2	2	5	10.6	3.3	2	2	5	25.3	5.1	2	2	5	17.8	1.7	2	2	5	19.4	3	2	1	24	86.1	5.9	1	2	96	14.7	1.4	2	1	168	61.2	9.8	2	1	165	71.1	11.2
2	2	6	9.1	3.7	2	2	6	17.6	3.3	2	2	6	15.5	1.7	2	2	6	117.8	5.7	2	2	6	6.4	3.2	2	2	6	10.8	3.6	2	2	6	26.7	5.8	2	2	6	18.2	1.9	2	2	6	21.7	3.6	2	1	25	86.1	5.9	1	2	97	14.7	1.4	2	1	169	61.2	9.8	2	1	166	71.1	11.2
2	2	7	10	4.4	2	2	7	19.2	4.2	2	2	7	16	2	2	2	7	123.7	5.9	2	2	7	6.8	3.6	2	2	7	11.4	4	2	2	7	29.4	7.4	2	2	7	19.1	2.3	2	2	7	24.6	4.6	2	1	26	86.1	5.9	1	2	98	14.7	1.4	2	1	170	61.2	9.8	2	1	167	71.1	11.2
2	2	8	11.7	6.8	2	2	8	21.1	5	2	2	8	16.6	2.9	2	2	8	129.6	5.8	2	2	8	8	6	2	2	8	12.5	5.5	2	2	8	32.9	9.7	2	2	8	20.1	2.7	2	2	8	28.2	6.5	2	1	27	86.1	5.9	1	2	99	15.6	1.9	2	1	171	62.9	9.2	2	1	168	73.9	11.9
2	2	9	13.9	7.4	2	2	9	23	4.8	2	2	9	17.5	3.2	2	2	9	135.3	7.3	2	2	9	9.4	6.8	2	2	9	14.1	5.8	2	2	9	36.9	10.5	2	2	9	21.3	2.8	2	2	9	32.2	7.8	2	1	28	86.1	5.9	1	2	100	15.6	1.9	2	1	172	62.9	9.2	2	1	169	73.9	11.9
2	2	10	14.2	7.4	2	2	10	23.9	5.3	2	2	10	17.6	2.9	2	2	10	140.9	7.1	2	2	10	9.8	6.4	2	2	10	14.2	5.9	2	2	10	38.1	10.8	2	2	10	21.7	3	2	2	10	35.1	7.7	2	1	29	86.1	5.9	1	2	101	15.6	1.9	2	1	173	62.9	9.2	2	1	170	73.9	11.9
2	2	11	16.6	9.2	2	2	11	27.3	6.7	2	2	11	18.8	3.5	2	2	11	148	8.2	2	2	11	10.7	7.4	2	2	11	15.4	6.6	2	2	11	43.9	13.9	2	2	11	23.2	3.5	2	2	11	41.6	10.4	2	2	2	47.4	1.6	1	2	102	16.2	1.9	2	1	174	66.4	9.9	2	1	171	76.4	12
2	2	12	16.8	8.3	2	2	12	29.5	5.8	2	2	12	19.4	3.3	2	2	12	154.6	7.2	2	2	12	10.9	6.9	2	2	12	15.2	5.9	2	2	12	46.4	12.4	2	2	12	23.9	3.1	2	2	12	46.8	9.9	2	2	3	49.3	1.9	1	2	103	16.2	1.9	2	1	175	66.4	9.9	2	1	172	76.4	12
2	2	13	19.1	10.8	2	2	13	31.9	7.9	2	2	13	20.2	4.1	2	2	13	158.6	6.6	2	2	13	11.9	7.8	2	2	13	16.4	7.2	2	2	13	50.9	16.3	2	2	13	25	3.8	2	2	13	51.1	12	2	2	4	51.2	2.2	1	2	104	16.2	1.9	2	1	176	66.4	9.9	2	1	173	76.4	12
2	2	14	20.9	10.5	2	2	14	33.7	7.4	2	2	14	21	3.7	2	2	14	161.2	6.2	2	2	14	13	7.7	2	2	14	17.5	7.1	2	2	14	54.6	14.9	2	2	14	26	3.4	2	2	14	54.8	10.5	2	2	5	53.1	2.4	1	2	105	16.9	1.4	2	1	177	69.3	12.8	2	1	174	78.4	12.2
2	2	15	20.9	10.5	2	2	15	33.4	6.8	2	2	15	20.9	3.4	2	2	15	163.3	6.3	2	2	15	12.7	7	2	2	15	17.6	6.8	2	2	15	54.3	14.9	2	2	15	25.9	3.3	2	2	15	56	10.8	2	2	6	55	2.7	1	2	106	16.9	1.4	2	1	178	69.3	12.8	2	1	175	78.4	12.2
2	2	16	23.5	10.5	2	2	16	34.3	7.6	2	2	16	21.8	3.8	2	2	16	162.2	6.4	2	2	16	14.2	8.5	2	2	16	19.4	6.9	2	2	16	57.7	15.2	2	2	16	26.7	3.3	2	2	16	57.5	11	2	2	7	56.9	3	1	2	107	16.9	1.4	2	1	179	69.3	12.8	2	1	176	78.4	12.2
2	2	17	24.9	13.1	2	2	17	35.6	8.7	2	2	17	22.4	4.4	2	2	17	162.9	6.2	2	2	17	15.4	9.1	2	2	17	20	8.1	2	2	17	60.6	18.9	2	2	17	27.3	4	2	2	17	59.5	12.8	2	2	8	58.8	3.3	1	2	108	18.5	1.8	2	1	180	71.8	9.4	2	1	177	80.4	12.3
2	2	18	25.3	13	2	2	18	29.3	8	2	2	18	22.6	4.4	2	2	18	163.3	6.4	2	2	18	15.7	9.1	2	2	18	20.2	8.1	2	2	18	61	18.3	2	2	18	27.4	3.8	2	2	18	60.4	12.2	2	2	9	60.7	3.6	1	2	109	18.5	1.8	2	1	181	71.8	9.4	2	1	178	80.4	12.3
2	2	19	25.3	13	2	2	19	29.3	8	2	2	19	22.6	4.4	2	2	19	163.3	6.4	2	2	19	15.7	9.1	2	2	19	20.2	8.1	2	2	19	61	18.3	2	2	19	27.4	3.8	2	2	19	60.4	12.2	2	2	10	62.5	4	1	2	110	18.5	1.8	2	1	182	71.8	9.4	2	1	179	80.4	12.3
2	2	20	25.3	13	2	2	20	29.3	8	2	2	20	22.6	4.4	2	2	20	163.3	6.4	2	2	20	15.7	9.1	2	2	20	20.2	8.1	2	2	20	61	18.3	2	2	20	27.4	3.8	2	2	20	60.4	12.2	2	2	11	64.4	4.2	1	2	111	19.4	2.2	2	1	183	73.5	9.2	2	1	180	82.4	13.1
2	2	21	25.3	13	2	2	21	29.3	8	2	2	21	22.6	4.4	2	2	21	163.3	6.4	2	2	21	15.7	9.1	2	2	21	20.2	8.1	2	2	21	61	18.3	2	2	21	27.4	3.8	2	2	21	60.4	12.2	2	2	12	66.3	4.5	1	2	112	19.4	2.2	2	1	184	73.5	9.2	2	1	181	82.4	13.1
2	2	22	25.3	13	2	2	22	29.3	8	2	2	22	22.6	4.4	2	2	22	163.3	6.4	2	2	22	15.7	9.1	2	2	22	20.2	8.1	2	2	22	61	18.3	2	2	22	27.4	3.8	2	2	22	60.4	12.2	2	2	13	68.2	4.8	1	2	113	19.4	2.2	2	1	185	73.5	9.2	2	1	182	82.4	13.1
2	2	23	25.3	13	2	2	23	29.3	8	2	2	23	22.6	4.4	2	2	23	163.3	6.4	2	2	23	15.7	9.1	2	2	23	20.2	8.1	2	2	23	61	18.3	2	2	23	27.4	3.8	2	2	23	60.4	12.2	2	2	14	70.1	5.1	1	2	114	20.5	2.3	2	1	186	80.9	17.2	2	1	183	85.4	13.6
2	2	24	25.3	13	2	2	24	29.3	8	2	2	24	22.6	4.4	2	2	24	163.3	6.4	2	2	24	15.7	9.1	2	2	24	20.2	8.1	2	2	24	61	18.3	2	2	24	27.4	3.8	2	2	24	60.4	12.2	2	2	15	72	5.4	1	2	115	20.5	2.3	2	1	187	80.9	17.2	2	1	184	85.4	13.6
2	2	25	27.6	14.1	2	2	25	30.5	8.7	2	2	25	23.4	5	2	2	25	163	6.3	2	2	25	16.8	10.1	2	2	25	21.5	8.5	2	2	25	64.9	20.2	2	2	25	28.3	4.1	2	2	25	62.1	13.8	2	2	16	73.9	5.7	1	2	116	20.5	2.3	2	1	188	80.9	17.2	2	1	185	85.4	13.6
2	2	26	27.6	14.1	2	2	26	30.5	8.7	2	2	26	23.4	5	2	2	26	163	6.3	2	2	26	16.8	10.1	2	2	26	21.5	8.5	2	2	26	64.9	20.2	2	2	26	28.3	4.1	2	2	26	62.1	13.8	2	2	17	75.8	6.2	1	2	117	22.3	3.5	2	2	141	37	7.1	2	1	186	87.8	12.5
2	2	27	27.6	14.1	2	2	27	30.5	8.7	2	2	27	23.4	5	2	2	27	163	6.3	2	2	27	16.8	10.1	2	2	27	21.5	8.5	2	2	27	64.9	20.2	2	2	27	28.3	4.1	2	2	27	62.1	13.8	2	2	18	77.7	6.3	1	2	118	22.3	3.5	2	2	142	37	7.1	2	1	187	87.8	12.5
2	2	28	27.6	14.1	2	2	28	30.5	8.7	2	2	28	23.4	5	2	2	28	163	6.3	2	2	28	16.8	10.1	2	2	28	21.5	8.5	2	2	28	64.9	20.2	2	2	28	28.3	4.1	2	2	28	62.1	13.8	2	2	19	79.6	6.6	1	2	119	22.3	3.5	2	2	143	37	7.1	2	1	188	87.8	12.5
2	2	29	27.6	14.1	2	2	29	30.5	8.7	2	2	29	23.4	5	2	2	29	163	6.3	2	2	29	16.8	10.1	2	2	29	21.5	8.5	2	2	29	64.9	20.2	2	2	29	28.3	4.1	2	2	29	62.1	13.8	2	2	20	75.2	7.1	1	2	120	22.7	2.3	2	2	144	39	6.8	2	1	189	91.6	15.3
2	2	30	30.9	15.4	2	2	30	32.1	10.1	2	2	30	24.4	5.5	2	2	30	162.7	6.2	2	2	30	18.6	11.1	2	2	30	23.5	8.8	2	2	30	70	23.2	2	2	30	29.3	4.5	2	2	30	64.5	15.2	2	2	21	75.2	7.1	1	2	121	22.7	2.3	2	2	145	39	6.8	2	1	190	91.6	15.3
2	2	31	30.9	15.4	2	2	31	32.1	10.1	2	2	31	24.4	5.5	2	2	31	162.7	6.2	2	2	31	18.6	11.1	2	2	31	23.5	8.8	2	2	31	70	23.2	2	2	31	29.3	4.5	2	2	31	64.5	15.2	2	2	22	75.2	7.1	1	2	122	22.7	2.3	2	2	146	39	6.8	2	1	191	91.6	15.3
2	2	32	30.9	15.4	2	2	32	32.1	10.1	2	2	32	24.4	5.5	2	2	32	162.7	6.2	2	2	32	18.6	11.1	2	2	32	23.5	8.8	2	2	32	70	23.2	2	2	32	29.3	4.5	2	2	32	64.5	15.2	2	2	23	75.2	7.1	1	2	123	24.8	2.7	2	2	147	43.1	8.4	2	1	192	96.3	16
2	2	33	30.9	15.4	2	2	33	32.1	10.1	2	2	33	24.4	5.5	2	2	33	162.7	6.2	2	2	33	18.6	11.1	2	2	33	23.5	8.8	2	2	33	70	23.2	2	2	33	29.3	4.5	2	2	33	64.5	15.2	2	2	24	75.2	7.1	1	2	124	24.8	2.7	2	2	148	43.1	8.4	2	1	193	96.3	16
2	2	34	30.9	15.4	2	2	34	32.1	10.1	2	2	34	24.4	5.5	2	2	34	162.7	6.2	2	2	34	18.6	11.1	2	2	34	23.5	8.8	2	2	34	70	23.2	2	2	34	29.3	4.5	2	2	34	64.5	15.2	2	2	25	75.2	7.1	1	2	125	24.8	2.7	2	2	149	43.1	8.4	2	1	194	96.3	16
2	2	35	32.5	16	2	2	35	33	10.6	2	2	35	24.7	5.4	2	2	35	162.9	6.4	2	2	35	19.5	11.2	2	2	35	24.3	9	2	2	35	72.2	23.5	2	2	35	29.8	4.5	2	2	35	65.5	14.6	2	2	26	75.2	7.1	1	2	126	25.3	2.9	2	2	150	45	8.2	2	2	141	55.6	10.4
2	2	36	32.5	16	2	2	36	33	10.6	2	2	36	24.7	5.4	2	2	36	162.9	6.4	2	2	36	19.5	11.2	2	2	36	24.3	9	2	2	36	72.2	23.5	2	2	36	29.8	4.5	2	2	36	65.5	14.6	2	2	27	75.2	7.1	1	2	127	25.3	2.9	2	2	151	45	8.2	2	2	142	55.6	10.4
2	2	37	32.5	16	2	2	37	33	10.6	2	2	37	24.7	5.4	2	2	37	162.9	6.4	2	2	37	19.5	11.2	2	2	37	24.3	9	2	2	37	72.2	23.5	2	2	37	29.8	4.5	2	2	37	65.5	14.6	2	2	28	75.2	7.1	1	2	128	25.3	2.9	2	2	152	45	8.2	2	2	143	55.6	10.4
2	2	38	32.5	16	2	2	38	33	10.6	2	2	38	24.7	5.4	2	2	38	162.9	6.4	2	2	38	19.5	11.2	2	2	38	24.3	9	2	2	38	72.2	23.5	2	2	38	29.8	4.5	2	2	38	65.5	14.6	2	2	29	75.2	7.1	1	2	129	27	3.2	2	2	153	48.3	8.2	2	2	144	57.3	14.2
2	2	39	32.5	16	2	2	39	33	10.6	2	2	39	24.7	5.4	2	2	39	162.9	6.4	2	2	39	19.5	11.2	2	2	39	24.3	9	2	2	39	72.2	23.5	2	2	39	29.8	4.5	2	2	39	65.5	14.6	3	1	2	47.6	1.6	1	2	130	27	3.2	2	2	154	48.3	8.2	2	2	145	57.3	14.2
2	2	40	33.3	15.4	2	2	40	33.9	11.7	2	2	40	25.1	5.7	2	2	40	162.6	6.3	2	2	40	19.6	10.7	2	2	40	24.7	8.7	2	2	40	73.8	23.5	2	2	40	30.1	4.5	2	2	40	66.4	15.1	3	1	3	49.8	1.9	1	2	131	27	3.2	2	2	155	48.3	8.2	2	2	146	57.3	14.2
2	2	41	33.3	15.4	2	2	41	33.9	11.7	2	2	41	25.1	5.7	2	2	41	162.6	6.3	2	2	41	19.6	10.7	2	2	41	24.7	8.7	2	2	41	73.8	23.5	2	2	41	30.1	4.5	2	2	41	66.4	15.1	3	1	4	52	2.4	1	2	132	29	3.6	2	2	156	52.2	9.7	2	2	147	59.1	12.8
2	2	42	33.3	15.4	2	2	42	33.9	11.7	2	2	42	25.1	5.7	2	2	42	162.6	6.3	2	2	42	19.6	10.7	2	2	42	24.7	8.7	2	2	42	73.8	23.5	2	2	42	30.1	4.5	2	2	42	66.4	15.1	3	1	5	54.2	2.7	1	2	133	29	3.6	2	2	157	52.2	9.7	2	2	148	59.1	12.8
2	2	43	33.3	15.4	2	2	43	33.9	11.7	2	2	43	25.1	5.7	2	2	43	162.6	6.3	2	2	43	19.6	10.7	2	2	43	24.7	8.7	2	2	43	73.8	23.5	2	2	43	30.1	4.5	2	2	43	66.4	15.1	3	1	6	56.3	3.2	1	2	134	29	3.6	2	2	158	52.2	9.7	2	2	149	59.1	12.8
2	2	44	33.3	15.4	2	2	44	33.9	11.7	2	2	44	25.1	5.7	2	2	44	162.6	6.3	2	2	44	19.6	10.7	2	2	44	24.7	8.7	2	2	44	73.8	23.5	2	2	44	30.1	4.5	2	2	44	66.4	15.1	3	1	7	58.5	3.5	1	2	135	32.9	6.5	2	2	159	54.8	10.4	2	2	150	60.7	13.1
2	2	45	35.4	15.9	2	2	45	34	10.8	2	2	45	25.6	5.7	2	2	45	162.2	6.1	2	2	45	20.9	10.8	2	2	45	25.9	8.9	2	2	45	76.2	24.1	2	2	45	30.6	4.7	2	2	45	67.3	15.2	3	1	8	60.7	4	1	2	136	32.9	6.5	2	2	160	54.8	10.4	2	2	151	60.7	13.1
2	2	46	35.4	15.9	2	2	46	34	10.8	2	2	46	25.6	5.7	2	2	46	162.2	6.1	2	2	46	20.9	10.8	2	2	46	25.9	8.9	2	2	46	76.2	24.1	2	2	46	30.6	4.7	2	2	46	67.3	15.2	3	1	9	62.9	4.3	1	2	137	32.9	6.5	2	2	161	54.8	10.4	2	2	152	60.7	13.1
2	2	47	35.4	15.9	2	2	47	34	10.8	2	2	47	25.6	5.7	2	2	47	162.2	6.1	2	2	47	20.9	10.8	2	2	47	25.9	8.9	2	2	47	76.2	24.1	2	2	47	30.6	4.7	2	2	47	67.3	15.2	3	1	10	65.1	4.7	1	2	138	32.5	3.4	2	2	162	55.9	9.2	2	2	153	62.3	13.3
2	2	48	35.4	15.9	2	2	48	34	10.8	2	2	48	25.6	5.7	2	2	48	162.2	6.1	2	2	48	20.9	10.8	2	2	48	25.9	8.9	2	2	48	76.2	24.1	2	2	48	30.6	4.7	2	2	48	67.3	15.2	3	1	11	67.2	5.2	1	2	139	32.5	3.4	2	2	163	55.9	9.2	2	2	154	62.3	13.3
2	2	49	35.4	15.9	2	2	49	34	10.8	2	2	49	25.6	5.7	2	2	49	162.2	6.1	2	2	49	20.9	10.8	2	2	49	25.9	8.9	2	2	49	76.2	24.1	2	2	49	30.6	4.7	2	2	49	67.3	15.2	3	1	12	69.4	5.5	1	2	140	32.5	3.4	2	2	164	55.9	9.2	2	2	155	62.3	13.3
2	2	50	35.7	15	2	2	50	34.7	10.4	2	2	50	25.8	5.1	2	2	50	161.1	5.9	2	2	50	21.8	10.8	2	2	50	26.1	8.6	2	2	50	77.1	22.2	2	2	50	30.8	4.3	2	2	50	67.1	13.7	3	1	13	71.6	5.9	1	2	141	35.5	6	2	2	165	59.8	12.5	2	2	156	62.8	13.6
2	2	51	35.7	15	2	2	51	34.7	10.4	2	2	51	25.8	5.1	2	2	51	161.1	5.9	2	2	51	21.8	10.8	2	2	51	26.1	8.6	2	2	51	77.1	22.2	2	2	51	30.8	4.3	2	2	51	67.1	13.7	3	1	14	73.8	6.3	1	2	142	35.5	6	2	2	166	59.8	12.5	2	2	157	62.8	13.6
2	2	52	35.7	15	2	2	52	34.7	10.4	2	2	52	25.8	5.1	2	2	52	161.1	5.9	2	2	52	21.8	10.8	2	2	52	26.1	8.6	2	2	52	77.1	22.2	2	2	52	30.8	4.3	2	2	52	67.1	13.7	3	1	15	76	6.7	1	2	143	35.5	6	2	2	167	59.8	12.5	2	2	158	62.8	13.6
2	2	53	35.7	15	2	2	53	34.7	10.4	2	2	53	25.8	5.1	2	2	53	161.1	5.9	2	2	53	21.8	10.8	2	2	53	26.1	8.6	2	2	53	77.1	22.2	2	2	53	30.8	4.3	2	2	53	67.1	13.7	3	1	16	78.1	7.1	1	2	144	38.7	7.9	2	2	168	60.8	10	2	2	159	64.7	13.9
2	2	54	35.7	15	2	2	54	34.7	10.4	2	2	54	25.8	5.1	2	2	54	161.1	5.9	2	2	54	21.8	10.8	2	2	54	26.1	8.6	2	2	54	77.1	22.2	2	2	54	30.8	4.3	2	2	54	67.1	13.7	3	1	17	80.3	7.5	1	2	145	38.7	7.9	2	2	169	60.8	10	2	2	160	64.7	13.9
2	2	55	36.5	16	2	2	55	36	11.9	2	2	55	26.3	5.5	2	2	55	160.2	6	2	2	55	22.2	11.2	2	2	55	26.3	8.8	2	2	55	79.2	24.4	2	2	55	31.2	4.6	2	2	55	67.7	14.6	3	1	18	82.5	7.9	1	2	146	38.7	7.9	2	2	170	60.8	10	2	2	161	64.7	13.9
2	2	56	36.5	16	2	2	56	36	11.9	2	2	56	26.3	5.5	2	2	56	160.2	6	2	2	56	22.2	11.2	2	2	56	26.3	8.8	2	2	56	79.2	24.4	2	2	56	31.2	4.6	2	2	56	67.7	14.6	3	1	19	84.7	8.3	2	1	84	12	1	2	2	171	67.2	15.2	2	2	162	65.9	13.8
2	2	57	36.5	16	2	2	57	36	11.9	2	2	57	26.3	5.5	2	2	57	160.2	6	2	2	57	22.2	11.2	2	2	57	26.3	8.8	2	2	57	79.2	24.4	2	2	57	31.2	4.6	2	2	57	67.7	14.6	3	1	20	86.8	4.9	2	1	85	12	1	2	2	172	67.2	15.2	2	2	163	65.9	13.8
2	2	58	36.5	16	2	2	58	36	11.9	2	2	58	26.3	5.5	2	2	58	160.2	6	2	2	58	22.2	11.2	2	2	58	26.3	8.8	2	2	58	79.2	24.4	2	2	58	31.2	4.6	2	2	58	67.7	14.6	3	1	21	86.8	4.9	2	1	86	12	1	2	2	173	67.2	15.2	2	2	164	65.9	13.8
2	2	59	36.5	16	2	2	59	36	11.9	2	2	59	26.3	5.5	2	2	59	160.2	6	2	2	59	22.2	11.2	2	2	59	26.3	8.8	2	2	59	79.2	24.4	2	2	59	31.2	4.6	2	2	59	67.7	14.6	3	1	22	86.8	4.9	2	1	87	12.8	1.1						2	2	165	67.4	14.5
2	2	60	36.8	15.7	2	2	60	35.8	11.1	2	2	60	26.5	5.4	2	2	60	159.6	6.3	2	2	60	22.2	11	2	2	60	26.5	8.7	2	2	60	79.3	23.9	2	2	60	31.2	4.5	2	2	60	67.4	13.8	3	1	23	86.8	4.9	2	1	88	12.8	1.1						2	2	166	67.4	14.5
2	2	61	36.8	15.7	2	2	61	35.8	11.1	2	2	61	26.5	5.4	2	2	61	159.6	6.3	2	2	61	22.2	11	2	2	61	26.5	8.7	2	2	61	79.3	23.9	2	2	61	31.2	4.5	2	2	61	67.4	13.8	3	1	24	86.8	4.9	2	1	89	12.8	1.1						2	2	167	67.4	14.5
2	2	62	36.8	15.7	2	2	62	35.8	11.1	2	2	62	26.5	5.4	2	2	62	159.6	6.3	2	2	62	22.2	11	2	2	62	26.5	8.7	2	2	62	79.3	23.9	2	2	62	31.2	4.5	2	2	62	67.4	13.8	3	1	25	86.8	4.9	2	1	90	13.5	1						2	2	168	68.1	13.9
2	2	63	36.8	15.7	2	2	63	35.8	11.1	2	2	63	26.5	5.4	2	2	63	159.6	6.3	2	2	63	22.2	11	2	2	63	26.5	8.7	2	2	63	79.3	23.9	2	2	63	31.2	4.5	2	2	63	67.4	13.8	3	1	26	86.8	4.9	2	1	91	13.5	1						2	2	169	68.1	13.9
2	2	64	36.8	15.7	2	2	64	35.8	11.1	2	2	64	26.5	5.4	2	2	64	159.6	6.3	2	2	64	22.2	11	2	2	64	26.5	8.7	2	2	64	79.3	23.9	2	2	64	31.2	4.5	2	2	64	67.4	13.8	3	1	27	86.8	4.9	2	1	92	13.5	1						2	2	170	68.1	13.9
2	2	65	34.4	14.8	2	2	65	35.7	11.1	2	2	65	26.6	5.4	2	2	65	158.6	6	2	2	65	20.7	10.3	2	2	65	25	8.3	2	2	65	76.6	22.6	2	2	65	30.7	4.4	2	2	65	66.9	13.9	3	1	28	86.8	4.9	2	1	93	14.4	1.2						2	2	171	70.6	15.1
2	2	66	34.4	14.8	2	2	66	35.7	11.1	2	2	66	26.6	5.4	2	2	66	158.6	6	2	2	66	20.7	10.3	2	2	66	25	8.3	2	2	66	76.6	22.6	2	2	66	30.7	4.4	2	2	66	66.9	13.9	3	1	29	86.8	4.9	2	1	94	14.4	1.2						2	2	172	70.6	15.1
2	2	67	34.4	14.8	2	2	67	35.7	11.1	2	2	67	26.6	5.4	2	2	67	158.6	6	2	2	67	20.7	10.3	2	2	67	25	8.3	2	2	67	76.6	22.6	2	2	67	30.7	4.4	2	2	67	66.9	13.9	3	2	2	48	1.4	2	1	95	14.4	1.2						2	2	173	70.6	15.1
2	2	68	34.4	14.8	2	2	68	35.7	11.1	2	2	68	26.6	5.4	2	2	68	158.6	6	2	2	68	20.7	10.3	2	2	68	25	8.3	2	2	68	76.6	22.6	2	2	68	30.7	4.4	2	2	68	66.9	13.9	3	2	3	50.1	1.8	2	1	96	15	1.2						2	2	174	71.4	15.7
2	2	69	34.4	14.8	2	2	69	35.7	11.1	2	2	69	26.6	5.4	2	2	69	158.6	6	2	2	69	20.7	10.3	2	2	69	25	8.3	2	2	69	76.6	22.6	2	2	69	30.7	4.4	2	2	69	66.9	13.9	3	2	4	52.2	2.2	2	1	97	15	1.2						2	2	175	71.4	15.7
2	2	70	32.8	14.5	2	2	70	35.8	10.7	2	2	70	26.4	5.2	2	2	70	157.5	6.1	2	2	70	20.2	10	2	2	70	24	8.3	2	2	70	75.1	21.8	2	2	70	30.4	4.3	2	2	70	65.6	13.1	3	2	5	54.2	2.6	2	1	98	15	1.2						2	2	176	71.4	15.7
2	2	71	32.8	14.5	2	2	71	35.8	10.7	2	2	71	26.4	5.2	2	2	71	157.5	6.1	2	2	71	20.2	10	2	2	71	24	8.3	2	2	71	75.1	21.8	2	2	71	30.4	4.3	2	2	71	65.6	13.1	3	2	6	56.3	3	2	1	99	16	1.3						2	2	177	72.4	14.3
2	2	72	32.8	14.5	2	2	72	35.8	10.7	2	2	72	26.4	5.2	2	2	72	157.5	6.1	2	2	72	20.2	10	2	2	72	24	8.3	2	2	72	75.1	21.8	2	2	72	30.4	4.3	2	2	72	65.6	13.1	3	2	7	58.4	3.3	2	1	100	16	1.3						2	2	178	72.4	14.3
2	2	73	32.8	14.5	2	2	73	35.8	10.7	2	2	73	26.4	5.2	2	2	73	157.5	6.1	2	2	73	20.2	10	2	2	73	24	8.3	2	2	73	75.1	21.8	2	2	73	30.4	4.3	2	2	73	65.6	13.1	3	2	8	60.4	3.7	2	1	101	16	1.3						2	2	179	72.4	14.3
2	2	74	32.8	14.5	2	2	74	35.8	10.7	2	2	74	26.4	5.2	2	2	74	157.5	6.1	2	2	74	20.2	10	2	2	74	24	8.3	2	2	74	75.1	21.8	2	2	74	30.4	4.3	2	2	74	65.6	13.1	3	2	9	62.5	4.1	2	1	102	16.9	1.3										
1	1	1	7.4	2.3	1	1	1	13.2	2.5	1	1	1	17.4	1.8	1	1	1	82.3	5.4	1	1	1	6.6	2	1	1	1	10.2	3	1	1	1	20.6	3.5	1	1	1	16	1.3	1	1	1	11.8	1.6	3	2	10	64.6	4.5	2	1	103	16.9	1.3										
1	1	2	7.1	2.4	1	1	2	14.1	2.5	1	1	2	16.4	1.4	1	1	2	90.7	4.7	1	1	2	6.1	2.1	1	1	2	9.6	3.1	1	1	2	21.3	3.3	1	1	2	16.3	1.2	1	1	2	13.5	1.8	3	2	11	66.6	4.9	2	1	104	16.9	1.3										
1	1	3	6.9	2.2	1	1	3	15.3	2.8	1	1	3	15.9	1.4	1	1	3	99.1	5.4	1	1	3	5.4	1.7	1	1	3	9	2.6	1	1	3	22.2	3.9	1	1	3	16.6	1.4	1	1	3	15.7	2.4	3	2	12	68.7	5.3	2	1	105	17.7	1.7										
1	1	4	6.4	2.1	1	1	4	16.4	2.8	1	1	4	15.5	1.3	1	1	4	107.1	5.7	1	1	4	5	1.4	1	1	4	8.2	2.4	1	1	4	22.7	3.8	1	1	4	16.8	1.4	1	1	4	17.9	2.4	3	2	13	70.8	5.6	2	1	106	17.7	1.7										
1	1	5	6.3	3	1	1	5	18.5	2.9	1	1	5	15.6	1.6	1	1	5	114.3	5.5	1	1	5	5	2.2	1	1	5	7.5	3	1	1	5	24.8	4.8	1	1	5	17.6	1.6	1	1	5	20.5	3.2	3	2	14	72.9	6	2	1	107	17.7	1.7										
1	1	6	6.5	4.6	1	1	6	20.5	4.8	1	1	6	16.1	2.2	1	1	6	119.7	5.5	1	1	6	5.1	3.5	1	1	6	7.4	4.1	1	1	6	27	7.3	1	1	6	18.3	2.2	1	1	6	23	3.7	3	2	15	74.9	6.4	2	1	108	18.7	1.9										
1	1	7	6.5	4.1	1	1	7	21.9	5.4	1	1	7	15.7	1.9	1	1	7	125.1	6.1	1	1	7	5.2	3	1	1	7	7.1	3.6	1	1	7	28.4	7.9	1	1	7	18.7	2.4	1	1	7	24.7	4.4	3	2	16	77	6.8	2	1	109	18.7	1.9										
1	1	8	7.1	4.1	1	1	8	22.5	3.3	1	1	8	16.1	1.7	1	1	8	131.8	6.3	1	1	8	5.7	3	1	1	8	7.8	3.9	1	1	8	29.7	5.9	1	1	8	19.2	1.9	1	1	8	28.1	4.6	3	2	17	79.1	7.1	2	1	110	18.7	1.9										
1	1	9	7.4	4	1	1	9	24.9	5.5	1	1	9	16.4	2.1	1	1	9	135.9	5.7	1	1	9	5.6	3.6	1	1	9	7.6	3.5	1	1	9	32.3	7.9	1	1	9	20	2.3	1	1	9	30.4	5.6	3	2	18	81.1	7.6	2	1	111	20.1	2.3										
1	1	10	9.9	7.5	1	1	10	27	5.2	1	1	10	17.5	2.8	1	1	10	141.4	7.8	1	1	10	7.3	5.7	1	1	10	9.5	5.5	1	1	10	36.9	11.5	1	1	10	21.3	3	1	1	10	35.3	7.9	3	2	19	83.2	7.9	2	1	112	20.1	2.3										
1	1	11	10.6	8.1	1	1	11	29.4	6.9	1	1	11	17.7	3	1	1	11	147.3	7.8	1	1	11	7.6	5.9	1	1	11	9.8	6	1	1	11	40	12.5	1	1	11	22.2	3.2	1	1	11	38.9	9.7	3	2	20	83.5	6.6	2	1	113	20.1	2.3										
1	1	12	11.7	11.1	1	1	12	32.8	8.5	1	1	12	18.6	4.1	1	1	12	151.3	9.4	1	1	12	8.3	7.3	1	1	12	10	6.9	1	1	12	44.4	18	1	1	12	23.3	4.1	1	1	12	43.4	14.7	3	2	21	83.5	6.6	2	1	114	20.9	2.1										
1	1	13	9.4	5.6	1	1	13	38	11.4	1	1	13	18.5	2.4	1	1	13	159.1	9.1	1	1	13	6.9	3.8	1	1	13	8	4.2	1	1	13	47.4	13.7	1	1	13	24.2	3.4	1	1	13	47.2	9.4	3	2	22	83.5	6.6	2	1	115	20.9	2.1										
1	1	14	9.4	5.6	1	1	14	43.2	9.7	1	1	14	19.6	2.6	1	1	14	165.8	9.3	1	1	14	7.4	4.6	1	1	14	7.6	3.9	1	1	14	52.5	12.4	1	1	14	25.5	2.9	1	1	14	54.2	9.8	3	2	23	83.5	6.6	2	1	116	20.9	2.1										
1	1	15	12.4	10.2	1	1	15	48.9	9.7	1	1	15	21.3	3.2	1	1	15	170.6	6	1	1	15	10.4	8.4	1	1	15	9.3	6.9	1	1	15	61.6	14.7	1	1	15	27.6	3.2	1	1	15	62.1	10.9	3	2	24	83.5	6.6	2	1	117	22.1	2.4										
1	1	16	11.2	7.8	1	1	16	55.2	9.3	1	1	16	21.9	3	1	1	16	173.7	6.8	1	1	16	9.6	4.7	1	1	16	8	5.1	1	1	16	66.4	12.1	1	1	16	28.8	2.6	1	1	16	66.2	9.9	3	2	25	83.5	6.6	2	1	118	22.1	2.4										
1	1	17	10.8	7.9	1	1	17	54	10	1	1	17	21.3	3.2	1	1	17	175.5	6.9	1	1	17	9.5	4.9	1	1	17	7.8	5.1	1	1	17	65.5	15.2	1	1	17	28.5	3.2	1	1	17	65.6	11.7	3	2	26	83.5	6.6	2	1	119	22.1	2.4										
1	1	18	14.6	12.8	1	1	18	52	11.8	1	1	18	23.5	4.6	1	1	18	175.8	7	1	1	18	12.7	7.9	1	1	18	9.6	7	1	1	18	76.6	20.2	1	1	18	30.8	3.8	1	1	18	72.8	15.5	3	2	27	83.5	6.6	2	1	120	23.4	2.3										
1	1	19	14.6	12.8	1	1	19	52	11.8	1	1	19	23.5	4.6	1	1	19	175.8	7	1	1	19	12.7	7.9	1	1	19	9.6	7	1	1	19	76.6	20.2	1	1	19	30.8	3.8	1	1	19	72.8	15.5	3	2	28	83.5	6.6	2	1	121	23.4	2.3										
1	1	20	14.6	12.8	1	1	20	52	11.8	1	1	20	23.5	4.6	1	1	20	175.8	7	1	1	20	12.7	7.9	1	1	20	9.6	7	1	1	20	76.6	20.2	1	1	20	30.8	3.8	1	1	20	72.8	15.5	3	2	29	83.5	6.6	2	1	122	23.4	2.3										
1	1	21	14.6	12.8	1	1	21	52	11.8	1	1	21	23.5	4.6	1	1	21	175.8	7	1	1	21	12.7	7.9	1	1	21	9.6	7	1	1	21	76.6	20.2	1	1	21	30.8	3.8	1	1	21	72.8	15.5						2	1	123	24.8	2.6										
1	1	22	14.6	12.8	1	1	22	52	11.8	1	1	22	23.5	4.6	1	1	22	175.8	7	1	1	22	12.7	7.9	1	1	22	9.6	7	1	1	22	76.6	20.2	1	1	22	30.8	3.8	1	1	22	72.8	15.5						2	1	124	24.8	2.6										
1	1	23	14.6	12.8	1	1	23	52	11.8	1	1	23	23.5	4.6	1	1	23	175.8	7	1	1	23	12.7	7.9	1	1	23	9.6	7	1	1	23	76.6	20.2	1	1	23	30.8	3.8	1	1	23	72.8	15.5						2	1	125	24.8	2.6										
1	1	24	14.6	12.8	1	1	24	52	11.8	1	1	24	23.5	4.6	1	1	24	175.8	7	1	1	24	12.7	7.9	1	1	24	9.6	7	1	1	24	76.6	20.2	1	1	24	30.8	3.8	1	1	24	72.8	15.5						2	1	126	26.6	4										
1	1	25	16.3	13.9	1	1	25	56.9	12.6	1	1	25	24.7	5.5	1	1	25	175.7	7.4	1	1	25	14.5	9.4	1	1	25	10.3	7.7	1	1	25	84.4	24.4	1	1	25	32.3	4.3	1	1	25	76.4	17.6						2	1	127	26.6	4										
1	1	26	16.3	13.9	1	1	26	56.9	12.6	1	1	26	24.7	5.5	1	1	26	175.7	7.4	1	1	26	14.5	9.4	1	1	26	10.3	7.7	1	1	26	84.4	24.4	1	1	26	32.3	4.3	1	1	26	76.4	17.6						2	1	128	26.6	4										
1	1	27	16.3	13.9	1	1	27	56.9	12.6	1	1	27	24.7	5.5	1	1	27	175.7	7.4	1	1	27	14.5	9.4	1	1	27	10.3	7.7	1	1	27	84.4	24.4	1	1	27	32.3	4.3	1	1	27	76.4	17.6						2	1	129	27.9	3.2										
1	1	28	16.3	13.9	1	1	28	56.9	12.6	1	1	28	24.7	5.5	1	1	28	175.7	7.4	1	1	28	14.5	9.4	1	1	28	10.3	7.7	1	1	28	84.4	24.4	1	1	28	32.3	4.3	1	1	28	76.4	17.6						2	1	130	27.9	3.2										
1	1	29	16.3	13.9	1	1	29	56.9	12.6	1	1	29	24.7	5.5	1	1	29	175.7	7.4	1	1	29	14.5	9.4	1	1	29	10.3	7.7	1	1	29	84.4	24.4	1	1	29	32.3	4.3	1	1	29	76.4	17.6						2	1	131	27.9	3.2										
1	1	30	19.1	13.9	1	1	30	60.3	14	1	1	30	26	5.5	1	1	30	175.9	6.4	1	1	30	17.4	9.9	1	1	30	11.8	7.4	1	1	30	90.1	24.1	1	1	30	33.4	4.1	1	1	30	80.5	17.9						2	1	132	29.5	3.5										
1	1	31	19.1	13.9	1	1	31	60.3	14	1	1	31	26	5.5	1	1	31	175.9	6.4	1	1	31	17.4	9.9	1	1	31	11.8	7.4	1	1	31	90.1	24.1	1	1	31	33.4	4.1	1	1	31	80.5	17.9						2	1	133	29.5	3.5										
1	1	32	19.1	13.9	1	1	32	60.3	14	1	1	32	26	5.5	1	1	32	175.9	6.4	1	1	32	17.4	9.9	1	1	32	11.8	7.4	1	1	32	90.1	24.1	1	1	32	33.4	4.1	1	1	32	80.5	17.9						2	1	134	29.5	3.5										
1	1	33	19.1	13.9	1	1	33	60.3	14	1	1	33	26	5.5	1	1	33	175.9	6.4	1	1	33	17.4	9.9	1	1	33	11.8	7.4	1	1	33	90.1	24.1	1	1	33	33.4	4.1	1	1	33	80.5	17.9						2	1	135	31.6	4.7										
1	1	34	19.1	13.9	1	1	34	60.3	14	1	1	34	26	5.5	1	1	34	175.9	6.4	1	1	34	17.4	9.9	1	1	34	11.8	7.4	1	1	34	90.1	24.1	1	1	34	33.4	4.1	1	1	34	80.5	17.9						2	1	136	31.6	4.7										
1	1	35	18.9	13.4	1	1	35	61.6	13.6	1	1	35	26.4	4.9	1	1	35	175.4	7.3	1	1	35	19	10.1	1	1	35	11.7	7.7	1	1	35	92.2	20.8	1	1	35	33.8	3.9	1	1	35	81.2	15.9						2	1	137	31.6	4.7										
1	1	36	18.9	13.4	1	1	36	61.6	13.6	1	1	36	26.4	4.9	1	1	36	175.4	7.3	1	1	36	19	10.1	1	1	36	11.7	7.7	1	1	36	92.2	20.8	1	1	36	33.8	3.9	1	1	36	81.2	15.9						2	1	138	33.5	4.6										
1	1	37	18.9	13.4	1	1	37	61.6	13.6	1	1	37	26.4	4.9	1	1	37	175.4	7.3	1	1	37	19	10.1	1	1	37	11.7	7.7	1	1	37	92.2	20.8	1	1	37	33.8	3.9	1	1	37	81.2	15.9						2	1	139	33.5	4.6										
1	1	38	18.9	13.4	1	1	38	61.6	13.6	1	1	38	26.4	4.9	1	1	38	175.4	7.3	1	1	38	19	10.1	1	1	38	11.7	7.7	1	1	38	92.2	20.8	1	1	38	33.8	3.9	1	1	38	81.2	15.9						2	1	140	33.5	4.6										
1	1	39	18.9	13.4	1	1	39	61.6	13.6	1	1	39	26.4	4.9	1	1	39	175.4	7.3	1	1	39	19	10.1	1	1	39	11.7	7.7	1	1	39	92.2	20.8	1	1	39	33.8	3.9	1	1	39	81.2	15.9						2	1	141	36.5	5.1										
1	1	40	18.7	12.6	1	1	40	59.6	13.8	1	1	40	26.2	4.7	1	1	40	174.8	6.2	1	1	40	17.2	9.4	1	1	40	11.7	7.1	1	1	40	88.8	20.8	1	1	40	33.2	3.9	1	1	40	79.7	15.3						2	1	142	36.5	5.1										
1	1	41	18.7	12.6	1	1	41	59.6	13.8	1	1	41	26.2	4.7	1	1	41	174.8	6.2	1	1	41	17.2	9.4	1	1	41	11.7	7.1	1	1	41	88.8	20.8	1	1	41	33.2	3.9	1	1	41	79.7	15.3						2	1	143	36.5	5.1										
1	1	42	18.7	12.6	1	1	42	59.6	13.8	1	1	42	26.2	4.7	1	1	42	174.8	6.2	1	1	42	17.2	9.4	1	1	42	11.7	7.1	1	1	42	88.8	20.8	1	1	42	33.2	3.9	1	1	42	79.7	15.3						2	1	144	39.4	7.2										
1	1	43	18.7	12.6	1	1	43	59.6	13.8	1	1	43	26.2	4.7	1	1	43	174.8	6.2	1	1	43	17.2	9.4	1	1	43	11.7	7.1	1	1	43	88.8	20.8	1	1	43	33.2	3.9	1	1	43	79.7	15.3						2	1	145	39.4	7.2										
1	1	44	18.7	12.6	1	1	44	59.6	13.8	1	1	44	26.2	4.7	1	1	44	174.8	6.2	1	1	44	17.2	9.4	1	1	44	11.7	7.1	1	1	44	88.8	20.8	1	1	44	33.2	3.9	1	1	44	79.7	15.3						2	1	146	39.4	7.2										
1	1	45	19	13.2	1	1	45	58.8	13.7	1	1	45	26.4	5	1	1	45	175.3	8	1	1	45	17.9	10.7	1	1	45	11.8	7.5	1	1	45	88.1	21.7	1	1	45	33	4.1	1	1	45	81	15.9						2	1	147	40.6	6.7										
1	1	46	19	13.2	1	1	46	58.8	13.7	1	1	46	26.4	5	1	1	46	175.3	8	1	1	46	17.9	10.7	1	1	46	11.8	7.5	1	1	46	88.1	21.7	1	1	46	33	4.1	1	1	46	81	15.9						2	1	148	40.6	6.7										
1	1	47	19	13.2	1	1	47	58.8	13.7	1	1	47	26.4	5	1	1	47	175.3	8	1	1	47	17.9	10.7	1	1	47	11.8	7.5	1	1	47	88.1	21.7	1	1	47	33	4.1	1	1	47	81	15.9						2	1	149	40.6	6.7										
1	1	48	19	13.2	1	1	48	58.8	13.7	1	1	48	26.4	5	1	1	48	175.3	8	1	1	48	17.9	10.7	1	1	48	11.8	7.5	1	1	48	88.1	21.7	1	1	48	33	4.1	1	1	48	81	15.9						2	2	81	11.1	0.8										
1	1	49	19	13.2	1	1	49	58.8	13.7	1	1	49	26.4	5	1	1	49	175.3	8	1	1	49	17.9	10.7	1	1	49	11.8	7.5	1	1	49	88.1	21.7	1	1	49	33	4.1	1	1	49	81	15.9						2	2	82	11.1	0.8										
1	1	50	18.2	11.8	1	1	50	60.6	17.1	1	1	50	26.3	4.7	1	1	50	173.7	6.1	1	1	50	17.4	10.1	1	1	50	11.2	6.4	1	1	50	88.8	24.5	1	1	50	33.1	4.5	1	1	50	79.6	15.8						2	2	83	11.1	0.8										
1	1	51	18.2	11.8	1	1	51	60.6	17.1	1	1	51	26.3	4.7	1	1	51	173.7	6.1	1	1	51	17.4	10.1	1	1	51	11.2	6.4	1	1	51	88.8	24.5	1	1	51	33.1	4.5	1	1	51	79.6	15.8						2	2	84	12	0.9										
1	1	52	18.2	11.8	1	1	52	60.6	17.1	1	1	52	26.3	4.7	1	1	52	173.7	6.1	1	1	52	17.4	10.1	1	1	52	11.2	6.4	1	1	52	88.8	24.5	1	1	52	33.1	4.5	1	1	52	79.6	15.8						2	2	85	12	0.9										
1	1	53	18.2	11.8	1	1	53	60.6	17.1	1	1	53	26.3	4.7	1	1	53	173.7	6.1	1	1	53	17.4	10.1	1	1	53	11.2	6.4	1	1	53	88.8	24.5	1	1	53	33.1	4.5	1	1	53	79.6	15.8						2	2	86	12	0.9										
1	1	54	18.2	11.8	1	1	54	60.6	17.1	1	1	54	26.3	4.7	1	1	54	173.7	6.1	1	1	54	17.4	10.1	1	1	54	11.2	6.4	1	1	54	88.8	24.5	1	1	54	33.1	4.5	1	1	54	79.6	15.8						2	2	87	12.5	1										
1	1	55	18	12.5	1	1	55	58.7	13.4	1	1	55	26.3	5.1	1	1	55	173.5	6.7	1	1	55	17.7	10	1	1	55	11.2	7.2	1	1	55	87.3	21.6	1	1	55	32.9	4.1	1	1	55	79.4	17						2	2	88	12.5	1										
1	1	56	18	12.5	1	1	56	58.7	13.4	1	1	56	26.3	5.1	1	1	56	173.5	6.7	1	1	56	17.7	10	1	1	56	11.2	7.2	1	1	56	87.3	21.6	1	1	56	32.9	4.1	1	1	56	79.4	17						2	2	89	12.5	1										
1	1	57	18	12.5	1	1	57	58.7	13.4	1	1	57	26.3	5.1	1	1	57	173.5	6.7	1	1	57	17.7	10	1	1	57	11.2	7.2	1	1	57	87.3	21.6	1	1	57	32.9	4.1	1	1	57	79.4	17						2	2	90	13.2	1.2										
1	1	58	18	12.5	1	1	58	58.7	13.4	1	1	58	26.3	5.1	1	1	58	173.5	6.7	1	1	58	17.7	10	1	1	58	11.2	7.2	1	1	58	87.3	21.6	1	1	58	32.9	4.1	1	1	58	79.4	17						2	2	91	13.2	1.2										
1	1	59	18	12.5	1	1	59	58.7	13.4	1	1	59	26.3	5.1	1	1	59	173.5	6.7	1	1	59	17.7	10	1	1	59	11.2	7.2	1	1	59	87.3	21.6	1	1	59	32.9	4.1	1	1	59	79.4	17						2	2	92	13.2	1.2										
1	1	60	18.5	12.1	1	1	60	55.5	12.3	1	1	60	25.5	4.2	1	1	60	174.1	6.5	1	1	60	18	9.6	1	1	60	11.8	7	1	1	60	84.5	19.7	1	1	60	32.4	3.8	1	1	60	77.5	14.5						2	2	93	14	1.2										
1	1	61	18.5	12.1	1	1	61	55.5	12.3	1	1	61	25.5	4.2	1	1	61	174.1	6.5	1	1	61	18	9.6	1	1	61	11.8	7	1	1	61	84.5	19.7	1	1	61	32.4	3.8	1	1	61	77.5	14.5						2	2	94	14	1.2										
1	1	62	18.5	12.1	1	1	62	55.5	12.3	1	1	62	25.5	4.2	1	1	62	174.1	6.5	1	1	62	18	9.6	1	1	62	11.8	7	1	1	62	84.5	19.7	1	1	62	32.4	3.8	1	1	62	77.5	14.5						2	2	95	14	1.2										
1	1	63	18.5	12.1	1	1	63	55.5	12.3	1	1	63	25.5	4.2	1	1	63	174.1	6.5	1	1	63	18	9.6	1	1	63	11.8	7	1	1	63	84.5	19.7	1	1	63	32.4	3.8	1	1	63	77.5	14.5						2	2	96	15	1.3										
1	1	64	18.5	12.1	1	1	64	55.5	12.3	1	1	64	25.5	4.2	1	1	64	174.1	6.5	1	1	64	18	9.6	1	1	64	11.8	7	1	1	64	84.5	19.7	1	1	64	32.4	3.8	1	1	64	77.5	14.5						2	2	97	15	1.3										
1	1	65	16.3	11.5	1	1	65	53.1	14.3	1	1	65	25.1	4.6	1	1	65	170.8	6.3	1	1	65	16.3	9.6	1	1	65	10.7	6.8	1	1	65	79.4	20.5	1	1	65	31.3	4	1	1	65	73.5	14.5						2	2	98	15	1.3										
1	1	66	16.3	11.5	1	1	66	53.1	14.3	1	1	66	25.1	4.6	1	1	66	170.8	6.3	1	1	66	16.3	9.6	1	1	66	10.7	6.8	1	1	66	79.4	20.5	1	1	66	31.3	4	1	1	66	73.5	14.5						2	2	99	15.8	1.5										
1	1	67	16.3	11.5	1	1	67	53.1	14.3	1	1	67	25.1	4.6	1	1	67	170.8	6.3	1	1	67	16.3	9.6	1	1	67	10.7	6.8	1	1	67	79.4	20.5	1	1	67	31.3	4	1	1	67	73.5	14.5						2	2	100	15.8	1.5										
1	1	68	16.3	11.5	1	1	68	53.1	14.3	1	1	68	25.1	4.6	1	1	68	170.8	6.3	1	1	68	16.3	9.6	1	1	68	10.7	6.8	1	1	68	79.4	20.5	1	1	68	31.3	4	1	1	68	73.5	14.5						2	2	101	15.8	1.5										
1	1	69	16.3	11.5	1	1	69	53.1	14.3	1	1	69	25.1	4.6	1	1	69	170.8	6.3	1	1	69	16.3	9.6	1	1	69	10.7	6.8	1	1	69	79.4	20.5	1	1	69	31.3	4	1	1	69	73.5	14.5						2	2	102	16.7	2										
1	1	70	14.6	8.8	1	1	70	50.2	13.2	1	1	70	24.6	4.4	1	1	70	170.9	6.9	1	1	70	15.8	9.2	1	1	70	9.8	5.3	1	1	70	74.8	18.2	1	1	70	30.4	3.7	1	1	70	72.1	14.9						2	2	103	16.7	2										
1	1	71	14.6	8.8	1	1	71	50.2	13.2	1	1	71	24.6	4.4	1	1	71	170.9	6.9	1	1	71	15.8	9.2	1	1	71	9.8	5.3	1	1	71	74.8	18.2	1	1	71	30.4	3.7	1	1	71	72.1	14.9						2	2	104	16.7	2										
1	1	72	14.6	8.8	1	1	72	50.2	13.2	1	1	72	24.6	4.4	1	1	72	170.9	6.9	1	1	72	15.8	9.2	1	1	72	9.8	5.3	1	1	72	74.8	18.2	1	1	72	30.4	3.7	1	1	72	72.1	14.9						2	2	105	17.7	1.6										
1	1	73	14.6	8.8	1	1	73	50.2	13.2	1	1	73	24.6	4.4	1	1	73	170.9	6.9	1	1	73	15.8	9.2	1	1	73	9.8	5.3	1	1	73	74.8	18.2	1	1	73	30.4	3.7	1	1	73	72.1	14.9						2	2	106	17.7	1.6										
1	1	74	14.6	8.8	1	1	74	50.2	13.2	1	1	74	24.6	4.4	1	1	74	170.9	6.9	1	1	74	15.8	9.2	1	1	74	9.8	5.3	1	1	74	74.8	18.2	1	1	74	30.4	3.7	1	1	74	72.1	14.9						2	2	107	17.7	1.6										
1	2	1	7.1	2.2	1	2	1	12.2	2.3	1	2	1	16.8	1.4	1	2	1	81	4	1	2	1	6.6	1.9	1	2	1	10.2	2.9	1	2	1	19.4	3.2	1	2	1	15.5	1.3	1	2	1	10.9	1.5						2	2	108	18.2	1.6										
1	2	2	7.1	2.2	1	2	2	13.6	2.5	1	2	2	16.1	1.8	1	2	2	90	5.1	1	2	2	6.4	2.9	1	2	2	9.8	2.7	1	2	2	20.7	3.5	1	2	2	16.1	1.4	1	2	2	13	1.8						2	2	109	18.2	1.6										
1	2	3	7	2.8	1	2	3	14.4	2.3	1	2	3	15.4	1.5	1	2	3	98.6	4.7	1	2	3	5.7	2.2	1	2	3	9.4	3.2	1	2	3	21.4	3.9	1	2	3	16.3	1.4	1	2	3	15	2.2						2	2	110	18.2	1.6										
1	2	4	7.4	3	1	2	4	15.7	2.8	1	2	4	15.5	1.7	1	2	4	106.6	5.1	1	2	4	6	2.7	1	2	4	9.4	3.2	1	2	4	23.1	4.9	1	2	4	16.9	1.7	1	2	4	17.7	3						2	2	111	19.4	1.8										
1	2	5	7.9	3.9	1	2	5	17	3.5	1	2	5	15.4	2	1	2	5	113.5	5.7	1	2	5	6	3.1	1	2	5	9.6	4	1	2	5	24.9	6	1	2	5	17.6	2	1	2	5	20	3.8						2	2	112	19.4	1.8										
1	2	6	7.8	4.3	1	2	6	19	5.2	1	2	6	15.4	1.8	1	2	6	120.3	4.7	1	2	6	6.1	4.1	1	2	6	9.1	3.9	1	2	6	26.8	8.2	1	2	6	18.2	2.4	1	2	6	22.4	3.7						2	2	113	19.4	1.8										
1	2	7	8.8	4.6	1	2	7	19.7	3.5	1	2	7	15.7	1.7	1	2	7	125.7	6.4	1	2	7	6.4	2.9	1	2	7	10	4.4	1	2	7	28.5	6.3	1	2	7	18.8	2	1	2	7	25	4.2						2	2	114	20.8	2.6										
1	2	8	9.4	4.8	1	2	8	20.7	3.8	1	2	8	16.1	2.1	1	2	8	130.7	6.8	1	2	8	7.1	4.7	1	2	8	10.4	4.5	1	2	8	30.1	7	1	2	8	19.3	2.2	1	2	8	27.6	5.1						2	2	115	20.8	2.6										
1	2	9	10.6	6.6	1	2	9	22.5	3.8	1	2	9	16.7	2.7	1	2	9	137	6.9	1	2	9	7.9	5.5	1	2	9	11.1	5.7	1	2	9	33.1	8.8	1	2	9	20.2	2.5	1	2	9	31.5	6.4						2	2	116	20.8	2.6										
1	2	10	13.6	9	1	2	10	26	6.2	1	2	10	18.2	3.9	1	2	10	144.1	8.3	1	2	10	9.5	6.8	1	2	10	13	7	1	2	10	40	13.6	1	2	10	22.1	3.5	1	2	10	38.3	10.8						2	2	117	21.8	2.1										
1	2	11	15.4	11.5	1	2	11	29	6.3	1	2	11	19.3	4.6	1	2	11	149.3	7.5	1	2	11	10.8	8.4	1	2	11	13.6	7.7	1	2	11	44.4	16.7	1	2	11	23.3	4	1	2	11	43.5	12.9						2	2	118	21.8	2.1										
1	2	12	16.9	11.1	1	2	12	30.6	8.6	1	2	12	20.1	4.9	1	2	12	154.5	7.3	1	2	12	13.4	10.1	1	2	12	14.7	7.6	1	2	12	48	18.4	1	2	12	24.2	4.5	1	2	12	48.3	13.2						2	2	119	21.8	2.1										
1	2	13	19	11.7	1	2	13	32	5.7	1	2	13	20.9	4	1	2	13	159.2	5.2	1	2	13	13.5	7.6	1	2	13	16.3	8.1	1	2	13	51.1	14.9	1	2	13	25.1	3.5	1	2	13	52.9	10.6						2	2	120	23.2	2.6										
1	2	14	19	12.7	1	2	14	34.6	9	1	2	14	21.3	4.7	1	2	14	160.2	5.7	1	2	14	13.1	8.1	1	2	14	15.5	7.7	1	2	14	53.5	20.2	1	2	14	25.6	4.4	1	2	14	54.8	13.5						2	2	121	23.2	2.6										
1	2	15	19.8	14	1	2	15	35.3	7.2	1	2	15	21.9	4.8	1	2	15	163	7	1	2	15	13.8	9.1	1	2	15	16.1	8.8	1	2	15	55.1	18.8	1	2	15	26	4.1	1	2	15	58.3	13.9						2	2	122	23.2	2.6										
1	2	16	24.2	12.9	1	2	16	37.9	9.7	1	2	16	23.5	5	1	2	16	162.8	7.5	1	2	16	17.1	10	1	2	16	18.9	7.5	1	2	16	62.2	20.9	1	2	16	27.6	4.3	1	2	16	62.4	14.1						2	2	123	24.4	2.4										
1	2	17	19.7	10.7	1	2	17	37.2	8.2	1	2	17	22.8	5.4	1	2	17	162	5.3	1	2	17	14.9	7.9	1	2	17	15.9	6.9	1	2	17	59.2	20.8	1	2	17	26.9	4.3	1	2	17	59.9	13.9						2	2	124	24.4	2.4										
1	2	18	25.2	15	1	2	18	32.3	9.8	1	2	18	23.9	5.6	1	2	18	162.6	6.5	1	2	18	17.9	10.2	1	2	18	19.3	8.9	1	2	18	64.2	22.7	1	2	18	28	4.6	1	2	18	63.2	15.1						2	2	125	24.4	2.4										
1	2	19	25.2	15	1	2	19	32.3	9.8	1	2	19	23.9	5.6	1	2	19	162.6	6.5	1	2	19	17.9	10.2	1	2	19	19.3	8.9	1	2	19	64.2	22.7	1	2	19	28	4.6	1	2	19	63.2	15.1						2	2	126	26.5	3										
1	2	20	25.2	15	1	2	20	32.3	9.8	1	2	20	23.9	5.6	1	2	20	162.6	6.5	1	2	20	17.9	10.2	1	2	20	19.3	8.9	1	2	20	64.2	22.7	1	2	20	28	4.6	1	2	20	63.2	15.1						2	2	127	26.5	3										
1	2	21	25.2	15	1	2	21	32.3	9.8	1	2	21	23.9	5.6	1	2	21	162.6	6.5	1	2	21	17.9	10.2	1	2	21	19.3	8.9	1	2	21	64.2	22.7	1	2	21	28	4.6	1	2	21	63.2	15.1						2	2	128	26.5	3										
1	2	22	25.2	15	1	2	22	32.3	9.8	1	2	22	23.9	5.6	1	2	22	162.6	6.5	1	2	22	17.9	10.2	1	2	22	19.3	8.9	1	2	22	64.2	22.7	1	2	22	28	4.6	1	2	22	63.2	15.1						2	2	129	28.3	3.9										
1	2	23	25.2	15	1	2	23	32.3	9.8	1	2	23	23.9	5.6	1	2	23	162.6	6.5	1	2	23	17.9	10.2	1	2	23	19.3	8.9	1	2	23	64.2	22.7	1	2	23	28	4.6	1	2	23	63.2	15.1						2	2	130	28.3	3.9										
1	2	24	25.2	15	1	2	24	32.3	9.8	1	2	24	23.9	5.6	1	2	24	162.6	6.5	1	2	24	17.9	10.2	1	2	24	19.3	8.9	1	2	24	64.2	22.7	1	2	24	28	4.6	1	2	24	63.2	15.1						2	2	131	28.3	3.9										
1	2	25	31.2	17.9	1	2	25	34.6	10.5	1	2	25	25.6	6	1	2	25	162.9	5.9	1	2	25	21.6	11.3	1	2	25	22.8	10.2	1	2	25	72.9	25.6	1	2	25	29.9	5	1	2	25	67.8	15.7						2	2	132	30.7	4.6										
1	2	26	31.2	17.9	1	2	26	34.6	10.5	1	2	26	25.6	6	1	2	26	162.9	5.9	1	2	26	21.6	11.3	1	2	26	22.8	10.2	1	2	26	72.9	25.6	1	2	26	29.9	5	1	2	26	67.8	15.7						2	2	133	30.7	4.6										
1	2	27	31.2	17.9	1	2	27	34.6	10.5	1	2	27	25.6	6	1	2	27	162.9	5.9	1	2	27	21.6	11.3	1	2	27	22.8	10.2	1	2	27	72.9	25.6	1	2	27	29.9	5	1	2	27	67.8	15.7						2	2	134	30.7	4.6										
1	2	28	31.2	17.9	1	2	28	34.6	10.5	1	2	28	25.6	6	1	2	28	162.9	5.9	1	2	28	21.6	11.3	1	2	28	22.8	10.2	1	2	28	72.9	25.6	1	2	28	29.9	5	1	2	28	67.8	15.7						2	2	135	31.9	5.2										
1	2	29	31.2	17.9	1	2	29	34.6	10.5	1	2	29	25.6	6	1	2	29	162.9	5.9	1	2	29	21.6	11.3	1	2	29	22.8	10.2	1	2	29	72.9	25.6	1	2	29	29.9	5	1	2	29	67.8	15.7						2	2	136	31.9	5.2										
1	2	30	35.3	19.3	1	2	30	37.3	11.2	1	2	30	27.3	7.1	1	2	30	162.6	6.2	1	2	30	25.2	13.1	1	2	30	25	11	1	2	30	79.7	28.2	1	2	30	31.2	5.3	1	2	30	72.1	19.1						2	2	137	31.9	5.2										
1	2	31	35.3	19.3	1	2	31	37.3	11.2	1	2	31	27.3	7.1	1	2	31	162.6	6.2	1	2	31	25.2	13.1	1	2	31	25	11	1	2	31	79.7	28.2	1	2	31	31.2	5.3	1	2	31	72.1	19.1						2	2	138	35.1	7.9										
1	2	32	35.3	19.3	1	2	32	37.3	11.2	1	2	32	27.3	7.1	1	2	32	162.6	6.2	1	2	32	25.2	13.1	1	2	32	25	11	1	2	32	79.7	28.2	1	2	32	31.2	5.3	1	2	32	72.1	19.1						2	2	139	35.1	7.9										
1	2	33	35.3	19.3	1	2	33	37.3	11.2	1	2	33	27.3	7.1	1	2	33	162.6	6.2	1	2	33	25.2	13.1	1	2	33	25	11	1	2	33	79.7	28.2	1	2	33	31.2	5.3	1	2	33	72.1	19.1						2	2	140	35.1	7.9										
1	2	34	35.3	19.3	1	2	34	37.3	11.2	1	2	34	27.3	7.1	1	2	34	162.6	6.2	1	2	34	25.2	13.1	1	2	34	25	11	1	2	34	79.7	28.2	1	2	34	31.2	5.3	1	2	34	72.1	19.1						2	2	141	36.2	6.4										
1	2	35	39.1	20.1	1	2	35	40.2	13.8	1	2	35	28.4	6.8	1	2	35	163.2	6.3	1	2	35	26.1	11.9	1	2	35	26.6	10.7	1	2	35	86.6	30.8	1	2	35	32.5	5.7	1	2	35	75.6	18.9						2	2	142	36.2	6.4										
1	2	36	39.1	20.1	1	2	36	40.2	13.8	1	2	36	28.4	6.8	1	2	36	163.2	6.3	1	2	36	26.1	11.9	1	2	36	26.6	10.7	1	2	36	86.6	30.8	1	2	36	32.5	5.7	1	2	36	75.6	18.9						2	2	143	36.2	6.4										
1	2	37	39.1	20.1	1	2	37	40.2	13.8	1	2	37	28.4	6.8	1	2	37	163.2	6.3	1	2	37	26.1	11.9	1	2	37	26.6	10.7	1	2	37	86.6	30.8	1	2	37	32.5	5.7	1	2	37	75.6	18.9						2	2	144	39.4	6.6										
1	2	38	39.1	20.1	1	2	38	40.2	13.8	1	2	38	28.4	6.8	1	2	38	163.2	6.3	1	2	38	26.1	11.9	1	2	38	26.6	10.7	1	2	38	86.6	30.8	1	2	38	32.5	5.7	1	2	38	75.6	18.9						2	2	145	39.4	6.6										
1	2	39	39.1	20.1	1	2	39	40.2	13.8	1	2	39	28.4	6.8	1	2	39	163.2	6.3	1	2	39	26.1	11.9	1	2	39	26.6	10.7	1	2	39	86.6	30.8	1	2	39	32.5	5.7	1	2	39	75.6	18.9						2	2	146	39.4	6.6										
1	2	40	39.5	19.2	1	2	40	41.5	18.6	1	2	40	28.4	6.4	1	2	40	163.4	6.4	1	2	40	27.2	12.3	1	2	40	26.8	10	1	2	40	87.6	33.5	1	2	40	32.7	5.7	1	2	40	75.9	18.5						2	2	147	39.9	7.2										
1	2	41	39.5	19.2	1	2	41	41.5	18.6	1	2	41	28.4	6.4	1	2	41	163.4	6.4	1	2	41	27.2	12.3	1	2	41	26.8	10	1	2	41	87.6	33.5	1	2	41	32.7	5.7	1	2	41	75.9	18.5						2	2	148	39.9	7.2										
1	2	42	39.5	19.2	1	2	42	41.5	18.6	1	2	42	28.4	6.4	1	2	42	163.4	6.4	1	2	42	27.2	12.3	1	2	42	26.8	10	1	2	42	87.6	33.5	1	2	42	32.7	5.7	1	2	42	75.9	18.5						2	2	149	39.9	7.2										
1	2	43	39.5	19.2	1	2	43	41.5	18.6	1	2	43	28.4	6.4	1	2	43	163.4	6.4	1	2	43	27.2	12.3	1	2	43	26.8	10	1	2	43	87.6	33.5	1	2	43	32.7	5.7	1	2	43	75.9	18.5																				
1	2	44	39.5	19.2	1	2	44	41.5	18.6	1	2	44	28.4	6.4	1	2	44	163.4	6.4	1	2	44	27.2	12.3	1	2	44	26.8	10	1	2	44	87.6	33.5	1	2	44	32.7	5.7	1	2	44	75.9	18.5																				
1	2	45	40.6	23.4	1	2	45	41.6	15.3	1	2	45	28.9	8.2	1	2	45	161.7	6.7	1	2	45	27.8	12.9	1	2	45	27.1	11.7	1	2	45	89.8	36.8	1	2	45	33	6.2	1	2	45	75.4	20.8																				
1	2	46	40.6	23.4	1	2	46	41.6	15.3	1	2	46	28.9	8.2	1	2	46	161.7	6.7	1	2	46	27.8	12.9	1	2	46	27.1	11.7	1	2	46	89.8	36.8	1	2	46	33	6.2	1	2	46	75.4	20.8																				
1	2	47	40.6	23.4	1	2	47	41.6	15.3	1	2	47	28.9	8.2	1	2	47	161.7	6.7	1	2	47	27.8	12.9	1	2	47	27.1	11.7	1	2	47	89.8	36.8	1	2	47	33	6.2	1	2	47	75.4	20.8																				
1	2	48	40.6	23.4	1	2	48	41.6	15.3	1	2	48	28.9	8.2	1	2	48	161.7	6.7	1	2	48	27.8	12.9	1	2	48	27.1	11.7	1	2	48	89.8	36.8	1	2	48	33	6.2	1	2	48	75.4	20.8																				
1	2	49	40.6	23.4	1	2	49	41.6	15.3	1	2	49	28.9	8.2	1	2	49	161.7	6.7	1	2	49	27.8	12.9	1	2	49	27.1	11.7	1	2	49	89.8	36.8	1	2	49	33	6.2	1	2	49	75.4	20.8																				
1	2	50	44	19.7	1	2	50	41.9	12.9	1	2	50	29.5	6.6	1	2	50	162.1	6.3	1	2	50	30.7	12.5	1	2	50	29.5	10.9	1	2	50	92.7	28.4	1	2	50	33.7	5.2	1	2	50	77.6	18.1																				
1	2	51	44	19.7	1	2	51	41.9	12.9	1	2	51	29.5	6.6	1	2	51	162.1	6.3	1	2	51	30.7	12.5	1	2	51	29.5	10.9	1	2	51	92.7	28.4	1	2	51	33.7	5.2	1	2	51	77.6	18.1																				
1	2	52	44	19.7	1	2	52	41.9	12.9	1	2	52	29.5	6.6	1	2	52	162.1	6.3	1	2	52	30.7	12.5	1	2	52	29.5	10.9	1	2	52	92.7	28.4	1	2	52	33.7	5.2	1	2	52	77.6	18.1																				
1	2	53	44	19.7	1	2	53	41.9	12.9	1	2	53	29.5	6.6	1	2	53	162.1	6.3	1	2	53	30.7	12.5	1	2	53	29.5	10.9	1	2	53	92.7	28.4	1	2	53	33.7	5.2	1	2	53	77.6	18.1																				
1	2	54	44	19.7	1	2	54	41.9	12.9	1	2	54	29.5	6.6	1	2	54	162.1	6.3	1	2	54	30.7	12.5	1	2	54	29.5	10.9	1	2	54	92.7	28.4	1	2	54	33.7	5.2	1	2	54	77.6	18.1																				
1	2	55	44	25.5	1	2	55	43.4	18.9	1	2	55	30.4	8.2	1	2	55	160.8	7	1	2	55	28.8	13.1	1	2	55	28.7	12	1	2	55	97	43.5	1	2	55	34.2	7	1	2	55	78.7	22.4																				
1	2	56	44	25.5	1	2	56	43.4	18.9	1	2	56	30.4	8.2	1	2	56	160.8	7	1	2	56	28.8	13.1	1	2	56	28.7	12	1	2	56	97	43.5	1	2	56	34.2	7	1	2	56	78.7	22.4																				
1	2	57	44	25.5	1	2	57	43.4	18.9	1	2	57	30.4	8.2	1	2	57	160.8	7	1	2	57	28.8	13.1	1	2	57	28.7	12	1	2	57	97	43.5	1	2	57	34.2	7	1	2	57	78.7	22.4																				
1	2	58	44	25.5	1	2	58	43.4	18.9	1	2	58	30.4	8.2	1	2	58	160.8	7	1	2	58	28.8	13.1	1	2	58	28.7	12	1	2	58	97	43.5	1	2	58	34.2	7	1	2	58	78.7	22.4																				
1	2	59	44	25.5	1	2	59	43.4	18.9	1	2	59	30.4	8.2	1	2	59	160.8	7	1	2	59	28.8	13.1	1	2	59	28.7	12	1	2	59	97	43.5	1	2	59	34.2	7	1	2	59	78.7	22.4																				
1	2	60	40.7	18.3	1	2	60	40.6	12.1	1	2	60	28.9	6.1	1	2	60	160.1	6.7	1	2	60	28	12	1	2	60	27.7	10.1	1	2	60	88.3	27	1	2	60	33	5	1	2	60	74.1	16.1																				
1	2	61	40.7	18.3	1	2	61	40.6	12.1	1	2	61	28.9	6.1	1	2	61	160.1	6.7	1	2	61	28	12	1	2	61	27.7	10.1	1	2	61	88.3	27	1	2	61	33	5	1	2	61	74.1	16.1																				
1	2	62	40.7	18.3	1	2	62	40.6	12.1	1	2	62	28.9	6.1	1	2	62	160.1	6.7	1	2	62	28	12	1	2	62	27.7	10.1	1	2	62	88.3	27	1	2	62	33	5	1	2	62	74.1	16.1																				
1	2	63	40.7	18.3	1	2	63	40.6	12.1	1	2	63	28.9	6.1	1	2	63	160.1	6.7	1	2	63	28	12	1	2	63	27.7	10.1	1	2	63	88.3	27	1	2	63	33	5	1	2	63	74.1	16.1																				
1	2	64	40.7	18.3	1	2	64	40.6	12.1	1	2	64	28.9	6.1	1	2	64	160.1	6.7	1	2	64	28	12	1	2	64	27.7	10.1	1	2	64	88.3	27	1	2	64	33	5	1	2	64	74.1	16.1																				
1	2	65	36.8	16.9	1	2	65	40	11.9	1	2	65	28.4	5.8	1	2	65	159.1	5.9	1	2	65	25.1	11.5	1	2	65	25.6	9.6	1	2	65	83.3	24.7	1	2	65	32	4.7	1	2	65	71.8	14.8																				
1	2	66	36.8	16.9	1	2	66	40	11.9	1	2	66	28.4	5.8	1	2	66	159.1	5.9	1	2	66	25.1	11.5	1	2	66	25.6	9.6	1	2	66	83.3	24.7	1	2	66	32	4.7	1	2	66	71.8	14.8																				
1	2	67	36.8	16.9	1	2	67	40	11.9	1	2	67	28.4	5.8	1	2	67	159.1	5.9	1	2	67	25.1	11.5	1	2	67	25.6	9.6	1	2	67	83.3	24.7	1	2	67	32	4.7	1	2	67	71.8	14.8																				
1	2	68	36.8	16.9	1	2	68	40	11.9	1	2	68	28.4	5.8	1	2	68	159.1	5.9	1	2	68	25.1	11.5	1	2	68	25.6	9.6	1	2	68	83.3	24.7	1	2	68	32	4.7	1	2	68	71.8	14.8																				
1	2	69	36.8	16.9	1	2	69	40	11.9	1	2	69	28.4	5.8	1	2	69	159.1	5.9	1	2	69	25.1	11.5	1	2	69	25.6	9.6	1	2	69	83.3	24.7	1	2	69	32	4.7	1	2	69	71.8	14.8																				
1	2	70	33.9	15.3	1	2	70	37.6	11.3	1	2	70	27.6	5.9	1	2	70	158.4	5.8	1	2	70	22.9	10.5	1	2	70	24.3	9.3	1	2	70	78.3	22.1	1	2	70	31	4.4	1	2	70	69.5	15.8																				
1	2	71	33.9	15.3	1	2	71	37.6	11.3	1	2	71	27.6	5.9	1	2	71	158.4	5.8	1	2	71	22.9	10.5	1	2	71	24.3	9.3	1	2	71	78.3	22.1	1	2	71	31	4.4	1	2	71	69.5	15.8																				
1	2	72	33.9	15.3	1	2	72	37.6	11.3	1	2	72	27.6	5.9	1	2	72	158.4	5.8	1	2	72	22.9	10.5	1	2	72	24.3	9.3	1	2	72	78.3	22.1	1	2	72	31	4.4	1	2	72	69.5	15.8																				
1	2	73	33.9	15.3	1	2	73	37.6	11.3	1	2	73	27.6	5.9	1	2	73	158.4	5.8	1	2	73	22.9	10.5	1	2	73	24.3	9.3	1	2	73	78.3	22.1	1	2	73	31	4.4	1	2	73	69.5	15.8																				
1	2	74	33.9	15.3	1	2	74	37.6	11.3	1	2	74	27.6	5.9	1	2	74	158.4	5.8	1	2	74	22.9	10.5	1	2	74	24.3	9.3	1	2	74	78.3	22.1	1	2	74	31	4.4	1	2	74	69.5	15.8																				
